Data,latitude,longitude,"PRECIPITACAO TOTAL, HORARIO (mm)","PRESSAO ATMOSFERICA AO NIVEL DA ESTACAO, HORARIA (mB)",RADIACAO GLOBAL (KJ/m2),"TEMPERATURA DO AR - BULBO SECO, HORARIA (0C)","UMIDADE RELATIVA DO AR, HORARIA (%)","VENTO, RAJADA MAXIMA (m/s)"
2022-01-01,"-9,55111111","-35,77027777",0.0,1003.19,1584.82,26.89,75.35,5.7
2022-01-02,"-9,55111111","-35,77027777",0.0,1003.68,1861.12,26.68,75.35,5.25
2022-01-03,"-9,55111111","-35,77027777",0.0,1003.88,1378.25,25.64,75.35,5.32
2022-01-04,"-9,55111111","-35,77027777",0.0,1002.57,1005.41,24.77,75.35,5.49
2022-01-05,"-9,55111111","-35,77027777",0.0,1002.3,1582.72,26.19,75.35,5.72
2022-01-06,"-9,55111111","-35,77027777",0.0,1002.25,1630.32,26.56,75.35,5.7
2022-01-07,"-9,55111111","-35,77027777",0.0,1002.42,1871.96,27.02,75.35,6.58
2022-01-08,"-9,55111111","-35,77027777",0.0,1002.3,1918.68,26.77,75.35,6.24
2022-01-09,"-9,55111111","-35,77027777",0.0,1003.37,1994.15,26.76,75.35,5.46
2022-01-10,"-9,55111111","-35,77027777",0.0,1003.13,1937.06,27.1,75.35,5.02
2022-01-11,"-9,55111111","-35,77027777",0.0,1003.21,1754.63,26.98,75.35,5.21
2022-01-12,"-9,55111111","-35,77027777",0.0,1003.79,1805.18,26.38,75.35,4.66
2022-01-13,"-9,55111111","-35,77027777",0.0,1005.28,1675.38,27.15,75.35,5.25
2022-01-14,"-9,55111111","-35,77027777",0.0,1006.1,765.01,26.29,75.35,6.72
2022-01-15,"-9,55111111","-35,77027777",0.0,1005.34,1826.82,26.15,75.35,4.56
2022-01-16,"-9,55111111","-35,77027777",0.0,1004.68,1180.95,25.93,75.35,4.55
2022-01-17,"-9,55111111","-35,77027777",0.0,1004.95,1954.58,26.82,75.35,4.59
2022-01-18,"-9,55111111","-35,77027777",0.0,1004.84,2144.92,27.09,75.35,4.98
2022-01-19,"-9,55111111","-35,77027777",0.0,1005.78,1905.02,27.24,75.35,4.89
2022-01-20,"-9,55111111","-35,77027777",0.0,1004.74,1924.61,27.49,75.35,4.65
2022-01-21,"-9,55111111","-35,77027777",1.0,1002.55,2016.63,27.46,75.35,5.15
2022-01-22,"-9,55111111","-35,77027777",0.0,1002.37,2068.86,27.21,75.35,4.59
2022-01-23,"-9,55111111","-35,77027777",0.4,1002.28,1199.22,26.62,75.35,4.32
2022-01-24,"-9,55111111","-35,77027777",0.0,1002.62,1995.36,27.21,75.35,5.52
2022-01-25,"-9,55111111","-35,77027777",0.0,1002.98,1876.9,27.41,75.35,5.19
2022-01-26,"-9,55111111","-35,77027777",4.4,1002.73,1858.15,27.36,75.35,5.67
2022-01-27,"-9,55111111","-35,77027777",5.2,1001.6,1536.77,26.76,75.35,4.61
2022-01-28,"-9,55111111","-35,77027777",0.2,1001.0,1346.02,26.86,75.35,4.55
2022-01-29,"-9,55111111","-35,77027777",1.0,1003.19,1093.44,26.04,75.35,5.31
2022-01-30,"-9,55111111","-35,77027777",2.4,1004.18,1691.38,26.77,75.35,4.89
2022-01-31,"-9,55111111","-35,77027777",0.4,1003.61,1891.48,27.38,75.35,4.76
2022-02-01,"-9,55111111","-35,77027777",0.4,1003.49,2037.49,27.36,75.35,5.1
2022-02-02,"-9,55111111","-35,77027777",0.0,1003.61,1953.19,27.27,75.35,5.27
2022-02-03,"-9,55111111","-35,77027777",0.0,1003.42,1607.18,27.05,75.35,4.76
2022-02-04,"-9,55111111","-35,77027777",0.0,1003.13,1997.31,27.28,75.35,5.52
2022-02-05,"-9,55111111","-35,77027777",0.0,1002.53,1896.42,27.28,75.35,4.93
2022-02-06,"-9,55111111","-35,77027777",0.0,1002.78,2077.69,27.32,75.35,5.12
2022-02-07,"-9,55111111","-35,77027777",0.0,1002.9,2037.15,27.55,75.35,5.62
2022-02-08,"-9,55111111","-35,77027777",0.0,1002.19,1949.85,27.67,75.35,5.29
2022-02-09,"-9,55111111","-35,77027777",0.0,1000.86,1981.86,27.95,75.35,5.58
2022-02-10,"-9,55111111","-35,77027777",0.0,1001.12,2035.79,28.01,75.35,6.78
2022-02-11,"-9,55111111","-35,77027777",0.0,1001.39,1890.57,27.8,75.35,6.25
2022-02-12,"-9,55111111","-35,77027777",0.2,1001.43,1836.42,28.21,75.35,6.82
2022-02-13,"-9,55111111","-35,77027777",0.0,1001.89,1895.45,27.93,75.35,6.8
2022-02-14,"-9,55111111","-35,77027777",0.0,1002.52,1713.84,27.44,75.35,6.19
2022-02-15,"-9,55111111","-35,77027777",0.2,1002.93,2061.24,27.6,75.35,5.2
2022-02-16,"-9,55111111","-35,77027777",0.2,1003.08,1911.42,27.38,75.35,5.68
2022-02-17,"-9,55111111","-35,77027777",0.0,1002.93,1816.97,27.47,75.35,5.54
2022-02-18,"-9,55111111","-35,77027777",1.0,1001.29,1887.95,27.1,75.35,6.1
2022-02-19,"-9,55111111","-35,77027777",0.0,1001.31,1829.15,27.88,75.35,7.31
2022-02-20,"-9,55111111","-35,77027777",1.6,1003.56,1347.52,26.67,75.35,6.82
2022-02-21,"-9,55111111","-35,77027777",6.4,1004.32,1835.68,27.17,75.35,5.48
2022-02-22,"-9,55111111","-35,77027777",0.0,1003.82,1995.95,27.42,75.35,4.74
2022-02-23,"-9,55111111","-35,77027777",1.4,1003.11,1500.34,26.47,75.35,5.65
2022-02-24,"-9,55111111","-35,77027777",0.0,1003.2,1963.39,27.77,75.35,5.8
2022-02-25,"-9,55111111","-35,77027777",0.0,1004.07,2012.71,27.65,75.35,5.3
2022-02-26,"-9,55111111","-35,77027777",11.2,1004.55,1452.14,26.71,75.35,5.42
2022-02-27,"-9,55111111","-35,77027777",3.6,1003.22,1928.55,27.72,75.35,5.94
2022-02-28,"-9,55111111","-35,77027777",13.4,1003.08,1474.68,26.94,75.35,5.42
2022-03-01,"-9,55111111","-35,77027777",0.0,1003.81,1717.83,27.48,75.35,5.5
2022-03-02,"-9,55111111","-35,77027777",5.6,1003.39,1683.82,27.21,75.35,4.44
2022-03-03,"-9,55111111","-35,77027777",0.8,1002.69,1283.85,27.3,75.35,4.47
2022-03-04,"-9,55111111","-35,77027777",15.2,1002.14,1064.01,25.29,75.35,5.4
2022-03-05,"-9,55111111","-35,77027777",20.2,1002.26,1072.28,24.91,75.35,4.28
2022-03-06,"-9,55111111","-35,77027777",17.4,1002.05,1292.25,25.48,75.35,5.13
2022-03-07,"-9,55111111","-35,77027777",0.6,1001.62,1658.98,26.58,75.35,4.47
2022-03-08,"-9,55111111","-35,77027777",7.8,1002.18,1543.08,26.01,75.35,4.41
2022-03-09,"-9,55111111","-35,77027777",7.2,1002.22,1834.58,26.89,75.35,4.67
2022-03-10,"-9,55111111","-35,77027777",0.2,1002.21,1550.83,27.18,75.35,4.96
2022-03-11,"-9,55111111","-35,77027777",0.6,1002.16,1816.98,27.13,75.35,4.59
2022-03-12,"-9,55111111","-35,77027777",0.0,1002.44,1879.56,27.38,75.35,4.16
2022-03-13,"-9,55111111","-35,77027777",0.0,1002.94,1507.66,27.56,75.35,4.57
2022-03-14,"-9,55111111","-35,77027777",4.0,1001.78,1432.77,26.92,75.35,4.47
2022-03-15,"-9,55111111","-35,77027777",0.2,1001.68,1865.18,27.01,75.35,4.62
2022-03-16,"-9,55111111","-35,77027777",7.4,1002.81,574.63,25.5,75.35,4.23
2022-03-17,"-9,55111111","-35,77027777",0.8,1003.58,1680.55,26.12,75.35,4.26
2022-03-18,"-9,55111111","-35,77027777",4.2,1003.21,1939.64,27.2,75.35,5.39
2022-03-19,"-9,55111111","-35,77027777",1.2,1002.78,1613.53,27.0,75.35,4.34
2022-03-20,"-9,55111111","-35,77027777",3.4,1002.7,1522.72,26.98,75.35,4.95
2022-03-21,"-9,55111111","-35,77027777",74.6,1002.46,697.71,25.45,75.35,4.39
2022-03-22,"-9,55111111","-35,77027777",25.0,1002.86,1349.57,25.39,75.35,4.46
2022-03-23,"-9,55111111","-35,77027777",79.0,1003.3,565.82,24.98,75.35,4.04
2022-03-24,"-9,55111111","-35,77027777",2.6,1003.09,1860.88,26.75,75.35,5.18
2022-03-25,"-9,55111111","-35,77027777",9.4,1002.51,1165.45,25.74,75.35,4.01
2022-03-26,"-9,55111111","-35,77027777",2.8,1001.92,1659.85,26.66,75.35,4.58
2022-03-27,"-9,55111111","-35,77027777",59.8,1002.63,933.94,26.25,75.35,5.7
2022-03-28,"-9,55111111","-35,77027777",7.0,1003.45,1413.28,26.57,75.35,4.4
2022-03-29,"-9,55111111","-35,77027777",4.4,1002.7,1324.22,26.58,75.35,4.15
2022-03-30,"-9,55111111","-35,77027777",2.0,1001.36,1284.48,26.31,75.35,3.85
2022-03-31,"-9,55111111","-35,77027777",8.2,1002.08,857.97,25.46,75.35,3.49
2022-04-01,"-9,55111111","-35,77027777",0.0,1003.8,1183.79,26.16,75.35,3.8
2022-04-02,"-9,55111111","-35,77027777",11.8,1004.6,1586.66,26.76,75.35,4.18
2022-04-03,"-9,55111111","-35,77027777",3.8,1003.51,1234.35,25.77,75.35,4.54
2022-04-04,"-9,55111111","-35,77027777",1.2,1003.12,1716.82,26.46,75.35,4.82
2022-04-05,"-9,55111111","-35,77027777",1.6,1003.24,1776.68,26.48,75.35,4.22
2022-04-06,"-9,55111111","-35,77027777",0.0,1003.02,1331.63,26.37,75.35,4.07
2022-04-07,"-9,55111111","-35,77027777",2.6,1003.41,1207.08,25.94,75.35,3.88
2022-04-08,"-9,55111111","-35,77027777",17.0,1004.25,1032.75,25.74,75.35,4.75
2022-04-09,"-9,55111111","-35,77027777",3.0,1003.47,1541.32,26.11,75.35,4.68
2022-04-10,"-9,55111111","-35,77027777",0.0,1001.8,1753.19,26.87,75.35,3.65
2022-04-11,"-9,55111111","-35,77027777",0.2,1001.81,1655.55,26.61,75.35,4.05
2022-04-12,"-9,55111111","-35,77027777",0.0,1002.18,1723.19,26.42,75.35,3.72
2022-04-13,"-9,55111111","-35,77027777",0.0,1001.6,1476.88,26.97,75.35,4.18
2022-04-14,"-9,55111111","-35,77027777",0.0,1000.94,1726.96,27.1,75.35,5.22
2022-04-15,"-9,55111111","-35,77027777",0.0,1000.64,1624.38,27.55,75.35,6.14
2022-04-16,"-9,55111111","-35,77027777",0.0,1001.43,1284.77,27.85,75.35,5.96
2022-04-17,"-9,55111111","-35,77027777",2.4,1001.86,1341.87,27.38,75.35,5.11
2022-04-18,"-9,55111111","-35,77027777",3.8,1002.58,1655.45,26.95,75.35,4.88
2022-04-19,"-9,55111111","-35,77027777",4.8,1003.46,1004.36,25.9,75.35,4.65
2022-04-20,"-9,55111111","-35,77027777",8.0,1003.58,1431.67,25.69,75.35,4.5
2022-04-21,"-9,55111111","-35,77027777",6.8,1002.89,1119.81,25.23,75.35,3.56
2022-04-22,"-9,55111111","-35,77027777",16.0,1002.29,978.76,25.47,75.35,3.52
2022-04-23,"-9,55111111","-35,77027777",12.6,1003.03,1368.94,26.35,75.35,4.02
2022-04-24,"-9,55111111","-35,77027777",8.2,1004.17,1592.79,26.41,75.35,5.37
2022-04-25,"-9,55111111","-35,77027777",52.2,1004.23,809.18,25.03,75.35,4.94
2022-04-26,"-9,55111111","-35,77027777",7.0,1003.65,1260.69,26.28,75.35,5.24
2022-04-27,"-9,55111111","-35,77027777",4.2,1003.25,1341.61,25.75,75.35,4.22
2022-04-28,"-9,55111111","-35,77027777",19.0,1004.16,1257.23,25.34,75.35,4.52
2022-04-29,"-9,55111111","-35,77027777",10.6,1004.09,1381.38,25.3,75.35,4.42
2022-04-30,"-9,55111111","-35,77027777",9.2,1004.52,1385.62,24.9,75.35,4.58
2022-05-01,"-9,55111111","-35,77027777",1.4,1004.71,1516.52,25.56,75.35,4.34
2022-05-02,"-9,55111111","-35,77027777",71.4,1004.73,444.22,24.62,75.35,3.87
2022-05-03,"-9,55111111","-35,77027777",11.4,1004.61,1078.29,25.16,75.35,3.57
2022-05-04,"-9,55111111","-35,77027777",1.6,1004.62,1477.32,26.45,75.35,4.4
2022-05-05,"-9,55111111","-35,77027777",2.6,1005.2,1272.12,26.8,75.35,5.51
2022-05-06,"-9,55111111","-35,77027777",1.6,1005.82,1609.56,26.31,75.35,4.67
2022-05-07,"-9,55111111","-35,77027777",10.8,1005.69,1089.67,25.2,75.35,4.92
2022-05-08,"-9,55111111","-35,77027777",4.0,1005.45,1038.33,24.44,75.35,5.06
2022-05-09,"-9,55111111","-35,77027777",0.2,1004.56,1665.24,25.42,75.35,4.25
2022-05-10,"-9,55111111","-35,77027777",0.2,1004.44,1359.08,25.45,75.35,3.62
2022-05-11,"-9,55111111","-35,77027777",11.2,1004.64,930.81,24.92,75.35,3.95
2022-05-12,"-9,55111111","-35,77027777",1.2,1004.42,1230.14,25.3,75.35,3.92
2022-05-13,"-9,55111111","-35,77027777",12.2,1004.91,889.11,25.73,75.35,4.11
2022-05-14,"-9,55111111","-35,77027777",22.0,1005.03,869.56,25.13,75.35,4.74
2022-05-15,"-9,55111111","-35,77027777",16.0,1004.23,1236.44,25.22,75.35,4.22
2022-05-16,"-9,55111111","-35,77027777",0.0,1005.01,1439.55,26.11,75.35,3.28
2022-05-17,"-9,55111111","-35,77027777",0.6,1004.29,1329.17,26.23,75.35,3.93
2022-05-18,"-9,55111111","-35,77027777",0.0,1002.22,1322.38,26.54,75.35,4.79
2022-05-19,"-9,55111111","-35,77027777",0.0,1001.11,1547.72,27.35,75.35,5.7
2022-05-20,"-9,55111111","-35,77027777",2.0,1005.73,837.37,24.99,75.35,5.11
2022-05-21,"-9,55111111","-35,77027777",27.0,1008.29,1052.78,25.1,75.35,4.53
2022-05-22,"-9,55111111","-35,77027777",5.6,1008.18,899.67,25.35,75.35,6.35
2022-05-23,"-9,55111111","-35,77027777",3.4,1006.97,1142.56,25.29,75.35,5.97
2022-05-24,"-9,55111111","-35,77027777",70.6,1006.59,372.13,24.1,75.35,7.25
2022-05-25,"-9,55111111","-35,77027777",112.4,1007.68,202.1,22.97,75.35,4.99
2022-05-26,"-9,55111111","-35,77027777",55.8,1007.23,788.51,24.19,75.35,7.28
2022-05-27,"-9,55111111","-35,77027777",8.8,1006.71,908.71,25.57,75.35,8.86
2022-05-28,"-9,55111111","-35,77027777",6.8,1005.64,495.19,24.58,75.35,4.67
2022-05-29,"-9,55111111","-35,77027777",14.0,1004.46,1285.18,24.52,75.35,3.9
2022-05-30,"-9,55111111","-35,77027777",72.0,1003.35,327.0,23.82,75.35,3.57
2022-05-31,"-9,55111111","-35,77027777",24.4,1003.08,776.57,24.78,75.35,3.5
2022-06-01,"-9,55111111","-35,77027777",13.2,1003.33,1125.32,24.55,75.35,4.33
2022-06-02,"-9,55111111","-35,77027777",0.8,1003.18,1107.0,24.6,75.35,3.05
2022-06-03,"-9,55111111","-35,77027777",11.2,1003.99,1063.52,24.88,75.35,3.93
2022-06-04,"-9,55111111","-35,77027777",60.6,1004.8,727.61,24.05,75.35,3.45
2022-06-05,"-9,55111111","-35,77027777",11.8,1005.21,1248.71,24.22,75.35,4.62
2022-06-06,"-9,55111111","-35,77027777",44.6,1004.9,585.45,24.1,75.35,8.22
2022-06-07,"-9,55111111","-35,77027777",28.2,1004.52,765.73,23.77,75.35,4.61
2022-06-08,"-9,55111111","-35,77027777",0.2,1004.58,1202.12,24.5,75.35,3.21
2022-06-09,"-9,55111111","-35,77027777",0.2,1005.24,1426.96,25.04,75.35,3.65
2022-06-10,"-9,55111111","-35,77027777",17.8,1004.95,858.71,24.39,75.35,4.89
2022-06-11,"-9,55111111","-35,77027777",12.0,1004.59,747.81,24.1,75.35,2.8
2022-06-12,"-9,55111111","-35,77027777",0.2,1005.31,1400.74,25.12,75.35,3.4
2022-06-13,"-9,55111111","-35,77027777",0.0,1005.84,1423.42,25.59,75.35,3.23
2022-06-14,"-9,55111111","-35,77027777",2.6,1006.72,865.35,24.28,75.35,3.34
2022-06-15,"-9,55111111","-35,77027777",98.2,1006.7,350.09,23.06,75.35,6.29
2022-06-16,"-9,55111111","-35,77027777",28.4,1006.0,330.9,22.66,75.35,6.76
2022-06-17,"-9,55111111","-35,77027777",2.4,1005.24,848.18,22.54,75.35,4.54
2022-06-18,"-9,55111111","-35,77027777",1.6,1005.9,1014.01,23.88,75.35,3.24
2022-06-19,"-9,55111111","-35,77027777",0.6,1006.45,1297.01,24.8,75.35,3.61
2022-06-20,"-9,55111111","-35,77027777",4.4,1006.19,1145.61,24.77,75.35,5.43
2022-06-21,"-9,55111111","-35,77027777",6.8,1005.88,1053.48,24.93,75.35,6.81
2022-06-22,"-9,55111111","-35,77027777",23.6,1005.72,541.8,23.74,75.35,5.48
2022-06-23,"-9,55111111","-35,77027777",2.2,1006.15,1130.29,23.81,75.35,5.48
2022-06-24,"-9,55111111","-35,77027777",0.6,1006.15,1502.81,25.65,75.35,6.52
2022-06-25,"-9,55111111","-35,77027777",7.6,1005.46,1132.64,23.62,75.35,4.99
2022-06-26,"-9,55111111","-35,77027777",5.8,1005.07,1028.32,23.27,75.35,5.56
2022-06-27,"-9,55111111","-35,77027777",4.0,1006.25,1042.12,23.92,75.35,6.86
2022-06-28,"-9,55111111","-35,77027777",4.4,1007.4,929.34,23.97,75.35,7.01
2022-06-29,"-9,55111111","-35,77027777",17.4,1007.87,941.7,23.2,75.35,5.92
2022-06-30,"-9,55111111","-35,77027777",0.2,1006.32,1107.09,24.51,75.35,4.78
2022-07-01,"-9,55111111","-35,77027777",58.8,1006.01,390.92,23.87,75.35,6.64
2022-07-02,"-9,55111111","-35,77027777",30.4,1008.16,442.24,23.71,75.35,8.23
2022-07-03,"-9,55111111","-35,77027777",2.6,1009.32,998.03,24.38,75.35,7.58
2022-07-04,"-9,55111111","-35,77027777",37.0,1008.06,538.51,23.28,75.35,7.0
2022-07-05,"-9,55111111","-35,77027777",19.2,1007.2,1127.12,24.06,75.35,8.05
2022-07-06,"-9,55111111","-35,77027777",30.4,1006.71,843.61,23.68,75.35,7.18
2022-07-07,"-9,55111111","-35,77027777",4.0,1008.23,724.72,24.61,75.35,7.84
2022-07-08,"-9,55111111","-35,77027777",6.0,1009.52,1203.16,23.93,75.35,6.27
2022-07-09,"-9,55111111","-35,77027777",36.4,1008.87,758.94,22.84,75.35,7.67
2022-07-10,"-9,55111111","-35,77027777",5.0,1007.33,1167.36,24.7,75.35,7.57
2022-07-11,"-9,55111111","-35,77027777",4.0,1005.82,1172.7,24.22,75.35,5.94
2022-07-12,"-9,55111111","-35,77027777",10.6,1006.34,1327.77,24.82,75.35,3.96
2022-07-13,"-9,55111111","-35,77027777",5.800000000000001,1007.34,899.11,24.46,75.35,5.95
2022-07-14,"-9,55111111","-35,77027777",0.2,1007.62,1416.74,24.26,75.35,5.08
2022-07-15,"-9,55111111","-35,77027777",3.2,1006.76,1021.25,24.24,75.35,5.74
2022-07-16,"-9,55111111","-35,77027777",12.2,1006.7,587.65,23.05,75.35,5.94
2022-07-17,"-9,55111111","-35,77027777",5.8,1008.28,1189.97,24.34,75.35,6.55
2022-07-18,"-9,55111111","-35,77027777",0.4,1008.56,1375.74,24.56,75.35,5.77
2022-07-19,"-9,55111111","-35,77027777",4.6,1008.18,984.02,24.48,75.35,6.66
2022-07-20,"-9,55111111","-35,77027777",9.6,1005.9,903.38,23.3,75.35,4.54
2022-07-21,"-9,55111111","-35,77027777",9.8,1005.65,899.72,24.15,75.35,5.48
2022-07-22,"-9,55111111","-35,77027777",11.0,1006.34,1151.68,23.24,75.35,5.59
2022-07-23,"-9,55111111","-35,77027777",2.2,1006.52,1274.53,24.05,75.35,5.56
2022-07-24,"-9,55111111","-35,77027777",6.8,1007.23,1119.3,24.3,75.35,6.78
2022-07-25,"-9,55111111","-35,77027777",1.8,1007.29,1525.15,23.26,75.35,4.88
2022-07-26,"-9,55111111","-35,77027777",6.8,1006.89,969.7,22.64,75.35,5.48
2022-07-27,"-9,55111111","-35,77027777",15.4,1007.18,864.2,23.01,75.35,5.42
2022-07-28,"-9,55111111","-35,77027777",5.4,1006.24,993.03,22.87,75.35,5.59
2022-07-29,"-9,55111111","-35,77027777",3.6,1005.92,1288.05,24.73,75.35,4.15
2022-07-30,"-9,55111111","-35,77027777",3.2,1006.55,1047.38,24.42,75.35,4.34
2022-07-31,"-9,55111111","-35,77027777",0.0,1007.45,1237.85,24.92,75.35,4.36
2022-08-01,"-9,55111111","-35,77027777",0.0,1007.36,1454.75,24.8,75.35,5.93
2022-08-02,"-9,55111111","-35,77027777",37.8,1006.14,572.9,23.2,75.35,6.15
2022-08-03,"-9,55111111","-35,77027777",50.6,1005.81,562.01,22.61,75.35,8.16
2022-08-04,"-9,55111111","-35,77027777",8.0,1006.11,1234.87,23.38,75.35,5.59
2022-08-05,"-9,55111111","-35,77027777",4.6,1006.18,1612.78,24.54,75.35,5.87
2022-08-06,"-9,55111111","-35,77027777",1.0,1006.29,1445.02,24.73,75.35,4.78
2022-08-07,"-9,55111111","-35,77027777",0.8,1006.55,1287.45,24.44,75.35,7.4
2022-08-08,"-9,55111111","-35,77027777",0.0,1007.01,1832.14,25.03,75.35,4.96
2022-08-09,"-9,55111111","-35,77027777",0.0,1008.09,1821.68,25.39,75.35,5.98
2022-08-10,"-9,55111111","-35,77027777",0.0,1007.58,1819.0,26.5,75.35,5.35
2022-08-11,"-9,55111111","-35,77027777",0.2,1006.47,1073.21,25.08,75.35,5.49
2022-08-12,"-9,55111111","-35,77027777",0.0,1008.77,1734.02,26.55,75.35,6.93
2022-08-13,"-9,55111111","-35,77027777",0.2,1010.2,1585.5,25.73,75.35,7.64
2022-08-14,"-9,55111111","-35,77027777",0.0,1008.87,1758.66,25.11,75.35,6.0
2022-08-15,"-9,55111111","-35,77027777",2.8,1007.23,1309.99,24.16,75.35,5.96
2022-08-16,"-9,55111111","-35,77027777",6.2,1007.5,1497.98,24.58,75.35,8.55
2022-08-17,"-9,55111111","-35,77027777",7.0,1007.56,1105.44,23.99,75.35,8.75
2022-08-18,"-9,55111111","-35,77027777",1.4,1007.32,1625.97,25.02,75.35,6.68
2022-08-19,"-9,55111111","-35,77027777",5.8,1008.19,1385.75,24.09,75.35,5.82
2022-08-20,"-9,55111111","-35,77027777",1.4,1007.83,1238.98,24.28,75.35,7.31
2022-08-21,"-9,55111111","-35,77027777",3.4,1008.24,1449.05,23.4,75.35,7.92
2022-08-22,"-9,55111111","-35,77027777",5.4,1007.75,890.55,23.28,75.35,5.99
2022-08-23,"-9,55111111","-35,77027777",6.0,1007.95,857.44,23.7,75.35,6.77
2022-08-24,"-9,55111111","-35,77027777",1.0,1008.68,1174.49,24.33,75.35,6.36
2022-08-25,"-9,55111111","-35,77027777",0.8,1009.26,1812.82,24.23,75.35,6.32
2022-08-26,"-9,55111111","-35,77027777",0.0,1008.77,1868.47,25.63,75.35,7.14
2022-08-27,"-9,55111111","-35,77027777",4.4,1007.72,1046.77,23.42,75.35,6.18
2022-08-28,"-9,55111111","-35,77027777",0.0,1007.69,1936.36,25.55,75.35,7.02
2022-08-29,"-9,55111111","-35,77027777",0.0,1007.22,1989.06,25.14,75.35,5.14
2022-08-30,"-9,55111111","-35,77027777",0.0,1007.93,1867.23,24.99,75.35,8.01
2022-08-31,"-9,55111111","-35,77027777",5.2,1008.59,1416.55,23.65,75.35,9.12
2022-09-01,"-9,55111111","-35,77027777",0.0,1007.29,1619.33,24.15,75.35,6.19
2022-09-02,"-9,55111111","-35,77027777",2.2,1007.74,2020.06,25.18,75.35,7.29
2022-09-03,"-9,55111111","-35,77027777",4.8,1008.03,1838.45,25.27,90.0,7.57
2022-09-04,"-9,55111111","-35,77027777",2.0,1008.53,1580.6,23.99,81.46,5.16
2022-09-05,"-9,55111111","-35,77027777",0.8,1009.71,1310.24,23.48,84.5,5.28
2022-09-06,"-9,55111111","-35,77027777",16.2,1010.08,723.76,23.12,88.21,7.1
2022-09-07,"-9,55111111","-35,77027777",4.0,1009.53,1453.42,23.41,77.17,5.27
2022-09-08,"-9,55111111","-35,77027777",0.0,1007.57,1758.95,23.54,77.25,4.96
2022-09-09,"-9,55111111","-35,77027777",7.6,1007.7,1194.45,23.3,87.42,4.25
2022-09-10,"-9,55111111","-35,77027777",24.4,1008.41,1205.03,22.94,91.96,7.01
2022-09-11,"-9,55111111","-35,77027777",3.6,1007.51,1243.83,23.35,84.25,4.52
2022-09-12,"-9,55111111","-35,77027777",0.2,1006.83,1231.1,23.5,81.71,3.89
2022-09-13,"-9,55111111","-35,77027777",2.6,1006.06,1233.42,23.63,84.5,4.87
2022-09-14,"-9,55111111","-35,77027777",0.2,1006.24,1725.29,24.42,85.21,3.96
2022-09-15,"-9,55111111","-35,77027777",0.4,1006.63,1528.16,24.4,83.96,5.43
2022-09-16,"-9,55111111","-35,77027777",0.0,1006.75,1857.78,23.82,78.96,4.3
2022-09-17,"-9,55111111","-35,77027777",0.0,1006.02,1486.66,23.54,81.96,3.96
2022-09-18,"-9,55111111","-35,77027777",0.2,1006.0,1626.55,24.21,81.17,4.49
2022-09-19,"-9,55111111","-35,77027777",0.4,1006.0,1657.85,24.27,77.54,4.03
2022-09-20,"-9,55111111","-35,77027777",0.8,1005.62,1813.68,24.32,78.79,4.44
2022-09-21,"-9,55111111","-35,77027777",0.0,1004.59,1613.67,24.6,81.96,5.01
2022-09-22,"-9,55111111","-35,77027777",0.4,1004.6,1520.48,24.86,84.08,5.47
2022-09-23,"-9,55111111","-35,77027777",0.0,1004.18,1778.04,25.24,83.5,6.2
2022-09-24,"-9,55111111","-35,77027777",0.0,1004.52,1681.5,25.54,80.58,6.75
2022-09-25,"-9,55111111","-35,77027777",0.0,1006.28,1554.49,25.09,78.17,5.48
2022-09-26,"-9,55111111","-35,77027777",4.6,1007.04,1651.88,24.82,78.75,5.76
2022-09-27,"-9,55111111","-35,77027777",0.0,1007.04,1853.27,24.55,76.12,4.31
2022-09-28,"-9,55111111","-35,77027777",1.8,1006.04,1529.57,24.26,80.42,4.7
2022-09-29,"-9,55111111","-35,77027777",0.2,1005.69,1720.87,24.23,82.88,4.48
2022-09-30,"-9,55111111","-35,77027777",4.0,1006.49,1249.88,23.9,84.0,4.42
2022-10-01,"-9,55111111","-35,77027777",0.0,1007.06,1954.9,24.58,76.5,4.59
2022-10-02,"-9,55111111","-35,77027777",0.2,1007.04,1961.22,24.42,76.67,4.55
2022-10-03,"-9,55111111","-35,77027777",0.0,1006.78,2058.5,24.95,74.08,4.93
2022-10-04,"-9,55111111","-35,77027777",0.0,1005.49,1752.16,24.45,80.25,4.82
2022-10-05,"-9,55111111","-35,77027777",1.4,1004.95,1572.87,24.29,86.96,4.71
2022-10-06,"-9,55111111","-35,77027777",0.8,1005.27,1621.38,25.8,83.38,4.81
2022-10-07,"-9,55111111","-35,77027777",0.0,1004.85,1768.25,26.54,78.42,6.12
2022-10-08,"-9,55111111","-35,77027777",0.0,1003.88,1615.27,25.21,81.67,4.59
2022-10-09,"-9,55111111","-35,77027777",0.0,1005.06,1463.98,25.52,82.29,5.09
2022-10-10,"-9,55111111","-35,77027777",1.6,1006.75,1483.32,26.17,78.92,7.37
2022-10-11,"-9,55111111","-35,77027777",4.0,1007.82,1374.05,25.85,74.75,7.64
2022-10-12,"-9,55111111","-35,77027777",3.8,1005.59,1391.15,24.9,77.75,6.58
2022-10-13,"-9,55111111","-35,77027777",10.6,1005.95,1460.93,25.23,79.92,5.89
2022-10-14,"-9,55111111","-35,77027777",0.0,1007.05,1874.37,25.7,72.92,5.61
2022-10-15,"-9,55111111","-35,77027777",6.2,1007.0,1165.35,23.79,86.0,4.93
2022-10-16,"-9,55111111","-35,77027777",1.2,1005.32,1613.36,24.93,80.21,5.49
2022-10-17,"-9,55111111","-35,77027777",3.4,1005.29,1505.42,25.22,81.21,6.33
2022-10-18,"-9,55111111","-35,77027777",1.6,1006.89,1907.05,26.01,77.79,7.45
2022-10-19,"-9,55111111","-35,77027777",1.2,1007.48,1696.75,25.76,76.79,7.64
2022-10-20,"-9,55111111","-35,77027777",0.0,1005.48,2012.36,25.8,70.83,5.93
2022-10-21,"-9,55111111","-35,77027777",0.0,1003.9,1839.27,25.16,76.21,4.86
2022-10-22,"-9,55111111","-35,77027777",0.0,1003.94,1733.6,25.66,80.08,5.7
2022-10-23,"-9,55111111","-35,77027777",0.0,1004.58,1875.92,25.98,79.25,6.51
2022-10-24,"-9,55111111","-35,77027777",0.0,1004.02,1786.03,25.98,80.29,6.75
2022-10-25,"-9,55111111","-35,77027777",0.0,1002.52,1710.23,26.06,78.83,7.03
2022-10-26,"-9,55111111","-35,77027777",0.0,1003.18,1228.85,25.7,79.17,6.62
2022-10-27,"-9,55111111","-35,77027777",52.2,1005.19,929.08,24.16,89.71,4.55
2022-10-28,"-9,55111111","-35,77027777",0.2,1005.14,1744.87,25.57,83.17,5.32
2022-10-29,"-9,55111111","-35,77027777",0.0,1004.37,1811.34,25.33,81.25,5.06
2022-10-30,"-9,55111111","-35,77027777",0.0,1002.88,1879.85,25.58,78.62,5.41
2022-10-31,"-9,55111111","-35,77027777",0.2,1003.19,1931.28,25.7,79.46,5.43
2022-11-01,"-9,55111111","-35,77027777",0.0,1003.7,1762.91,25.88,81.25,6.43
2022-11-02,"-9,55111111","-35,77027777",0.0,1003.92,1693.06,26.1,82.0,5.86
2022-11-03,"-9,55111111","-35,77027777",0.0,1002.85,1653.74,26.08,79.21,6.12
2022-11-04,"-9,55111111","-35,77027777",31.6,1002.35,1198.65,25.51,84.75,5.84
2022-11-05,"-9,55111111","-35,77027777",29.8,1004.43,695.23,23.65,94.5,3.46
2022-11-06,"-9,55111111","-35,77027777",12.2,1004.41,1180.81,24.25,93.75,5.38
2022-11-07,"-9,55111111","-35,77027777",101.6,1004.82,1057.92,24.07,95.33,3.92
2022-11-08,"-9,55111111","-35,77027777",0.2,1005.08,1850.98,25.45,85.0,4.69
2022-11-09,"-9,55111111","-35,77027777",0.0,1005.8,1915.2,25.87,82.79,5.05
2022-11-10,"-9,55111111","-35,77027777",0.0,1004.83,1905.76,25.89,82.17,4.18
2022-11-11,"-9,55111111","-35,77027777",1.4,1003.35,1432.61,25.95,86.88,4.87
2022-11-12,"-9,55111111","-35,77027777",1.8,1002.74,1401.75,25.75,88.25,5.1
2022-11-13,"-9,55111111","-35,77027777",5.4,1003.6,1267.61,25.51,85.25,5.1
2022-11-14,"-9,55111111","-35,77027777",0.6,1004.19,1593.39,25.55,85.54,5.64
2022-11-15,"-9,55111111","-35,77027777",0.0,1005.48,1954.07,26.23,79.54,6.08
2022-11-16,"-9,55111111","-35,77027777",0.0,1004.13,1637.63,25.83,79.88,5.31
2022-11-17,"-9,55111111","-35,77027777",0.2,1003.34,1725.29,26.16,78.71,6.08
2022-11-18,"-9,55111111","-35,77027777",0.4,1002.65,1802.62,26.21,80.17,6.13
2022-11-19,"-9,55111111","-35,77027777",0.0,1004.17,1929.45,26.25,78.79,6.02
2022-11-20,"-9,55111111","-35,77027777",0.0,1003.98,1703.52,25.96,79.08,5.62
2022-11-21,"-9,55111111","-35,77027777",0.0,1003.33,1652.91,25.82,78.92,5.6
2022-11-22,"-9,55111111","-35,77027777",1.6,1003.42,1329.02,25.04,86.12,5.52
2022-11-23,"-9,55111111","-35,77027777",1.6,1002.49,1782.89,25.22,82.46,4.43
2022-11-24,"-9,55111111","-35,77027777",0.0,1001.84,1770.26,25.96,79.62,5.74
2022-11-25,"-9,55111111","-35,77027777",0.6,1002.22,1530.04,26.46,79.58,7.32
2022-11-26,"-9,55111111","-35,77027777",0.2,1003.23,1465.34,26.6,79.96,7.13
2022-11-27,"-9,55111111","-35,77027777",0.0,1002.49,1634.45,26.76,79.5,6.5
2022-11-28,"-9,55111111","-35,77027777",0.0,999.38,1631.81,26.54,80.04,7.04
2022-11-29,"-9,55111111","-35,77027777",2.2,997.91,1301.31,26.01,83.92,6.05
2022-11-30,"-9,55111111","-35,77027777",2.6,999.61,1218.83,25.31,85.88,5.47
2022-12-01,"-9,55111111","-35,77027777",0.0,1001.31,1463.09,26.08,80.17,8.15
2022-12-02,"-9,55111111","-35,77027777",0.4,1002.68,1763.09,26.5,78.29,7.15
2022-12-03,"-9,55111111","-35,77027777",6.0,1002.3,1438.75,25.4,86.29,5.97
2022-12-04,"-9,55111111","-35,77027777",2.4,1001.56,1681.47,25.39,85.5,6.02
2022-12-05,"-9,55111111","-35,77027777",47.2,1003.42,1097.18,24.33,92.79,7.61
2022-12-06,"-9,55111111","-35,77027777",4.2,1005.25,1664.38,25.15,85.5,5.55
2022-12-07,"-9,55111111","-35,77027777",0.0,1004.2,1869.4,25.75,81.75,4.38
2022-12-08,"-9,55111111","-35,77027777",0.2,1001.82,1792.92,26.29,80.25,5.26
2022-12-09,"-9,55111111","-35,77027777",0.0,1002.62,1691.39,26.55,82.71,7.1
2022-12-10,"-9,55111111","-35,77027777",0.0,1004.0,1757.51,26.75,81.67,6.66
2022-12-11,"-9,55111111","-35,77027777",0.0,1003.91,1752.74,26.73,82.79,5.62
2022-12-12,"-9,55111111","-35,77027777",0.0,1002.74,1808.15,26.41,80.92,5.54
2022-12-13,"-9,55111111","-35,77027777",0.0,1002.02,1861.62,26.68,79.67,6.64
2022-12-14,"-9,55111111","-35,77027777",0.0,1001.51,1991.92,27.27,77.58,8.2
2022-12-15,"-9,55111111","-35,77027777",0.0,1002.06,1924.3,27.08,77.67,8.02
2022-12-16,"-9,55111111","-35,77027777",0.0,1001.5,2025.82,26.5,78.12,6.94
2022-12-17,"-9,55111111","-35,77027777",0.0,1000.72,1812.88,26.04,78.88,6.34
2022-12-18,"-9,55111111","-35,77027777",0.0,1002.4,1988.16,26.37,75.67,5.64
2022-12-19,"-9,55111111","-35,77027777",0.0,1003.15,1855.52,26.11,76.67,5.42
2022-12-20,"-9,55111111","-35,77027777",0.0,1002.92,1800.14,26.43,77.38,5.87
2022-12-21,"-9,55111111","-35,77027777",0.0,1002.09,1972.84,27.21,75.71,6.26
2022-12-22,"-9,55111111","-35,77027777",0.0,1001.15,1764.67,27.05,77.71,7.22
2022-12-23,"-9,55111111","-35,77027777",0.0,1002.25,1640.55,26.96,80.0,6.24
2022-12-24,"-9,55111111","-35,77027777",1.6,1003.37,1573.15,26.42,82.88,5.72
2022-12-25,"-9,55111111","-35,77027777",3.2,1003.96,1919.05,26.37,80.96,6.08
2022-12-26,"-9,55111111","-35,77027777",13.0,1003.72,1464.29,25.72,86.04,5.38
2022-12-27,"-9,55111111","-35,77027777",0.2,1004.6,1554.2,25.66,84.46,4.91
2022-12-28,"-9,55111111","-35,77027777",0.8,1005.13,1710.87,26.01,83.75,5.0
2022-12-29,"-9,55111111","-35,77027777",0.0,1005.56,1953.4,26.48,81.62,4.77
2022-12-30,"-9,55111111","-35,77027777",4.2,1004.92,2047.15,26.89,81.83,6.2
2022-12-31,"-9,55111111","-35,77027777",5.2,1004.95,1534.85,25.74,85.12,4.92
2022-03-22,"2,81694443","-60,69083333",0.0,999.62,2864.68,31.72,75.35,6.21
2022-03-23,"2,81694443","-60,69083333",0.0,1001.37,682.03,27.82,75.35,6.94
2022-03-24,"2,81694443","-60,69083333",0.0,1000.81,838.34,27.85,75.35,6.35
2022-03-25,"2,81694443","-60,69083333",0.0,1000.34,820.04,27.52,75.35,6.6
2022-03-26,"2,81694443","-60,69083333",0.0,1000.08,852.06,26.85,75.35,6.52
2022-03-27,"2,81694443","-60,69083333",0.0,1000.85,751.99,27.38,75.35,5.38
2022-03-28,"2,81694443","-60,69083333",0.0,1001.66,647.19,27.14,75.35,5.82
2022-03-29,"2,81694443","-60,69083333",0.0,1002.43,702.4,26.72,75.35,5.52
2022-03-30,"2,81694443","-60,69083333",0.0,1000.87,1031.35,27.48,75.35,5.52
2022-03-31,"2,81694443","-60,69083333",0.0,1001.14,1003.55,27.57,75.35,5.28
2022-04-01,"2,81694443","-60,69083333",0.0,1001.64,879.15,27.51,75.35,5.9
2022-04-02,"2,81694443","-60,69083333",0.0,1001.39,870.56,28.2,75.35,4.97
2022-04-03,"2,81694443","-60,69083333",0.0,1002.2,408.4,25.6,75.35,5.39
2022-04-04,"2,81694443","-60,69083333",0.0,1002.01,732.0,26.56,75.35,3.56
2022-04-05,"2,81694443","-60,69083333",0.0,1001.33,896.05,27.64,75.35,5.76
2022-04-06,"2,81694443","-60,69083333",0.0,1001.48,940.82,27.65,75.35,4.67
2022-04-07,"2,81694443","-60,69083333",0.0,1000.9,929.01,28.33,75.35,4.68
2022-04-08,"2,81694443","-60,69083333",0.0,1001.28,869.37,28.54,75.35,7.28
2022-04-09,"2,81694443","-60,69083333",0.0,1002.51,795.17,27.65,75.35,6.49
2022-04-10,"2,81694443","-60,69083333",0.0,1000.98,731.91,27.36,75.35,6.97
2022-04-11,"2,81694443","-60,69083333",0.0,1000.78,879.83,27.87,75.35,6.68
2022-04-12,"2,81694443","-60,69083333",0.0,1000.8,827.56,28.18,75.35,6.91
2022-04-13,"2,81694443","-60,69083333",0.0,1000.4,946.76,28.0,75.35,6.89
2022-04-14,"2,81694443","-60,69083333",0.0,1000.32,822.94,28.0,75.35,7.3
2022-04-15,"2,81694443","-60,69083333",0.0,1002.21,301.4,25.23,75.35,4.84
2022-04-16,"2,81694443","-60,69083333",0.0,1001.54,907.24,26.61,75.35,4.77
2022-04-17,"2,81694443","-60,69083333",0.0,1001.33,1013.24,27.73,75.35,6.05
2022-04-18,"2,81694443","-60,69083333",0.0,1001.42,962.88,28.46,75.35,5.54
2022-04-19,"2,81694443","-60,69083333",0.0,1000.94,959.38,28.22,75.35,4.8
2022-04-20,"2,81694443","-60,69083333",0.0,1001.32,509.64,27.27,75.35,5.4
2022-04-21,"2,81694443","-60,69083333",0.0,1003.02,319.78,24.27,75.35,4.07
2022-04-22,"2,81694443","-60,69083333",0.0,1001.7,900.12,25.84,75.35,3.2
2022-04-23,"2,81694443","-60,69083333",0.0,1000.43,833.43,26.87,75.35,4.38
2022-04-24,"2,81694443","-60,69083333",0.0,1000.78,634.5,26.92,75.35,4.58
2022-04-25,"2,81694443","-60,69083333",0.0,1000.42,883.88,26.75,75.35,3.38
2022-04-26,"2,81694443","-60,69083333",0.0,1000.27,648.12,26.63,75.35,4.2
2022-04-27,"2,81694443","-60,69083333",0.0,1001.59,502.18,23.96,75.35,4.2
2022-04-28,"2,81694443","-60,69083333",0.0,1001.07,1033.41,25.76,75.35,3.26
2022-04-29,"2,81694443","-60,69083333",0.0,1001.76,640.46,25.97,75.35,3.97
2022-04-30,"2,81694443","-60,69083333",0.0,1002.53,658.34,25.53,75.35,4.28
2022-05-01,"2,81694443","-60,69083333",0.0,1002.2,867.53,26.68,75.35,4.54
2022-05-02,"2,81694443","-60,69083333",0.0,1002.74,1036.85,27.88,75.35,5.7
2022-05-03,"2,81694443","-60,69083333",0.0,1002.79,716.03,27.46,75.35,4.98
2022-05-04,"2,81694443","-60,69083333",0.0,1003.4,451.36,25.33,75.35,4.69
2022-05-05,"2,81694443","-60,69083333",0.0,1002.88,496.02,25.4,75.35,2.49
2022-05-06,"2,81694443","-60,69083333",0.0,1003.0,335.22,24.6,75.35,4.15
2022-05-07,"2,81694443","-60,69083333",0.0,1004.35,537.67,24.7,75.35,3.3
2022-05-08,"2,81694443","-60,69083333",0.0,1003.88,566.99,25.27,75.35,2.91
2022-05-09,"2,81694443","-60,69083333",0.0,1003.72,833.78,25.82,75.35,3.43
2022-05-10,"2,81694443","-60,69083333",0.0,1002.4,678.85,26.33,75.35,4.47
2022-05-11,"2,81694443","-60,69083333",0.0,1002.09,656.24,26.11,75.35,4.37
2022-05-12,"2,81694443","-60,69083333",0.0,1001.1,885.13,26.69,75.35,5.8
2022-05-13,"2,81694443","-60,69083333",0.0,1002.41,508.39,25.23,75.35,4.38
2022-05-14,"2,81694443","-60,69083333",0.0,1001.33,917.02,26.73,75.35,3.98
2022-05-15,"2,81694443","-60,69083333",0.0,1001.62,765.04,27.4,75.35,4.85
2022-05-16,"2,81694443","-60,69083333",0.0,1002.34,791.42,26.64,75.35,4.19
2022-05-17,"2,81694443","-60,69083333",0.0,1003.06,535.63,26.2,75.35,4.36
2022-05-18,"2,81694443","-60,69083333",0.0,1004.79,147.89,23.53,75.35,4.0
2022-05-19,"2,81694443","-60,69083333",0.0,1005.73,199.65,22.88,75.35,3.04
2022-05-20,"2,81694443","-60,69083333",0.0,1005.51,772.73,25.25,75.35,2.81
2022-05-21,"2,81694443","-60,69083333",0.0,1005.93,301.48,24.08,75.35,3.62
2022-05-22,"2,81694443","-60,69083333",0.0,1007.1,171.05,23.24,75.35,2.23
2022-05-23,"2,81694443","-60,69083333",0.0,1005.26,896.91,25.53,75.35,2.68
2022-05-24,"2,81694443","-60,69083333",0.0,1002.9,688.75,25.95,75.35,3.99
2022-05-25,"2,81694443","-60,69083333",0.0,1003.15,514.74,25.36,75.35,3.75
2022-05-26,"2,81694443","-60,69083333",0.0,1003.32,448.79,25.25,75.35,2.9
2022-05-27,"2,81694443","-60,69083333",0.0,1003.88,780.17,25.57,75.35,3.97
2022-05-28,"2,81694443","-60,69083333",0.0,1002.1,958.7,27.24,75.35,4.68
2022-05-29,"2,81694443","-60,69083333",0.0,1001.31,1039.15,27.64,75.35,5.11
2022-05-30,"2,81694443","-60,69083333",0.0,1000.81,779.92,27.2,75.35,3.8
2022-05-31,"2,81694443","-60,69083333",0.0,1001.31,246.65,24.71,75.35,4.2
2022-06-01,"2,81694443","-60,69083333",0.0,1001.93,871.03,25.36,75.35,3.34
2022-06-02,"2,81694443","-60,69083333",0.0,1001.95,689.06,26.02,75.35,4.06
2022-06-03,"2,81694443","-60,69083333",0.0,1002.18,905.2,26.15,75.35,3.16
2022-06-04,"2,81694443","-60,69083333",0.0,1002.39,730.15,26.01,75.35,3.78
2022-06-05,"2,81694443","-60,69083333",0.0,1002.81,492.21,25.74,75.35,2.85
2022-06-06,"2,81694443","-60,69083333",0.0,1003.56,542.8,24.68,75.35,4.09
2022-06-07,"2,81694443","-60,69083333",0.0,1002.02,878.95,26.06,75.35,5.46
2022-06-08,"2,81694443","-60,69083333",0.0,1002.01,756.45,25.92,75.35,3.31
2022-06-09,"2,81694443","-60,69083333",0.0,1001.95,781.55,26.39,75.35,4.11
2022-06-10,"2,81694443","-60,69083333",0.0,1001.95,596.12,25.72,75.35,3.51
2022-06-11,"2,81694443","-60,69083333",0.0,1002.5,649.75,25.65,75.35,4.58
2022-06-12,"2,81694443","-60,69083333",0.0,1004.52,480.66,24.42,75.35,3.82
2022-06-13,"2,81694443","-60,69083333",0.0,1004.85,658.43,25.15,75.35,3.24
2022-06-14,"2,81694443","-60,69083333",0.0,1003.54,637.3,25.39,75.35,2.59
2022-06-15,"2,81694443","-60,69083333",0.0,1003.2,680.95,25.46,75.35,3.98
2022-06-16,"2,81694443","-60,69083333",0.0,1003.68,693.29,25.48,75.35,3.18
2022-06-17,"2,81694443","-60,69083333",0.0,1002.32,864.74,26.47,75.35,3.36
2022-06-18,"2,81694443","-60,69083333",0.0,1002.67,832.22,26.68,75.35,3.25
2022-06-19,"2,81694443","-60,69083333",0.0,1002.61,717.21,26.75,75.35,4.05
2022-06-20,"2,81694443","-60,69083333",0.0,1003.99,601.79,24.42,75.35,3.17
2022-06-21,"2,81694443","-60,69083333",0.0,1003.53,342.87,24.15,75.35,3.3
2022-06-22,"2,81694443","-60,69083333",0.0,1002.5,791.26,25.51,75.35,3.23
2022-06-23,"2,81694443","-60,69083333",0.0,1001.65,648.05,25.87,75.35,3.41
2022-06-24,"2,81694443","-60,69083333",0.0,1001.87,826.9,25.88,75.35,3.35
2022-06-25,"2,81694443","-60,69083333",0.0,1002.6,653.91,25.75,75.35,3.98
2022-06-26,"2,81694443","-60,69083333",0.0,1003.25,750.5,25.66,75.35,3.8
2022-06-27,"2,81694443","-60,69083333",0.0,1003.38,201.96,23.92,75.35,4.35
2022-06-28,"2,81694443","-60,69083333",0.0,1003.98,714.95,25.3,75.35,3.2
2022-06-29,"2,81694443","-60,69083333",0.0,1004.12,580.58,25.57,75.35,3.28
2022-06-30,"2,81694443","-60,69083333",0.0,1003.8,741.72,25.65,75.35,2.45
2022-07-01,"2,81694443","-60,69083333",0.0,1001.86,695.18,26.2,75.35,3.15
2022-07-02,"2,81694443","-60,69083333",0.0,1002.84,887.64,25.93,75.35,3.24
2022-07-03,"2,81694443","-60,69083333",0.0,1003.45,877.67,26.68,75.35,3.65
2022-07-04,"2,81694443","-60,69083333",0.0,1003.45,906.86,27.07,75.35,4.35
2022-07-05,"2,81694443","-60,69083333",0.0,1003.08,809.62,26.46,75.35,3.74
2022-07-06,"2,81694443","-60,69083333",0.0,1002.83,863.08,26.52,75.35,3.52
2022-07-07,"2,81694443","-60,69083333",0.0,1002.48,614.57,25.36,75.35,3.49
2022-07-08,"2,81694443","-60,69083333",0.0,1003.62,753.19,25.8,75.35,3.18
2022-07-09,"2,81694443","-60,69083333",0.0,1004.4,704.62,25.98,75.35,4.14
2022-07-10,"2,81694443","-60,69083333",0.0,1003.4,664.12,25.87,75.35,3.38
2022-07-11,"2,81694443","-60,69083333",0.0,1002.12,888.3,26.53,75.35,3.54
2022-07-12,"2,81694443","-60,69083333",0.0,1002.57,833.07,26.96,75.35,3.38
2022-07-13,"2,81694443","-60,69083333",0.0,1003.25,645.25,26.29,75.35,3.44
2022-07-14,"2,81694443","-60,69083333",0.0,1003.22,546.28,25.38,75.35,3.83
2022-07-15,"2,81694443","-60,69083333",0.0,1003.38,405.16,24.78,75.35,2.87
2022-07-16,"2,81694443","-60,69083333",0.0,1002.58,944.19,26.3,75.35,3.58
2022-07-17,"2,81694443","-60,69083333",0.0,1002.32,1008.2,27.68,75.35,3.22
2022-07-18,"2,81694443","-60,69083333",0.0,1002.77,708.79,26.81,75.35,4.58
2022-07-19,"2,81694443","-60,69083333",0.0,1003.55,744.09,26.3,75.35,3.17
2022-07-20,"2,81694443","-60,69083333",0.0,1002.97,745.63,26.4,75.35,3.76
2022-07-21,"2,81694443","-60,69083333",0.0,1002.33,710.31,26.34,75.35,3.56
2022-07-22,"2,81694443","-60,69083333",0.0,1001.75,824.66,26.56,75.35,3.54
2022-07-23,"2,81694443","-60,69083333",0.0,1001.89,320.21,24.93,75.35,3.59
2022-07-24,"2,81694443","-60,69083333",0.0,1002.58,510.48,25.1,75.35,2.71
2022-07-25,"2,81694443","-60,69083333",0.0,1002.67,820.1,25.86,75.35,3.38
2022-07-26,"2,81694443","-60,69083333",0.0,1003.25,788.61,25.24,75.35,3.7
2022-07-27,"2,81694443","-60,69083333",0.0,1003.48,605.38,24.96,75.35,4.0
2022-07-28,"2,81694443","-60,69083333",0.0,1003.05,619.74,25.4,75.35,4.0
2022-07-29,"2,81694443","-60,69083333",0.0,1003.1,513.55,25.72,75.35,3.09
2022-07-30,"2,81694443","-60,69083333",0.0,1004.84,278.67,23.51,75.35,4.64
2022-07-31,"2,81694443","-60,69083333",0.0,1003.63,1059.34,26.45,75.35,4.64
2022-08-01,"2,81694443","-60,69083333",0.0,1002.39,757.29,26.22,75.35,4.64
2022-08-02,"2,81694443","-60,69083333",0.0,1001.68,848.68,25.85,75.35,4.64
2022-08-03,"2,81694443","-60,69083333",0.0,1002.1,577.64,24.73,75.35,4.64
2022-08-04,"2,81694443","-60,69083333",0.0,1001.75,790.54,25.89,75.35,4.64
2022-08-05,"2,81694443","-60,69083333",0.0,1000.79,979.48,27.03,75.35,4.64
2022-08-06,"2,81694443","-60,69083333",0.0,1000.86,1019.57,27.46,75.35,4.64
2022-08-07,"2,81694443","-60,69083333",0.0,1001.37,1035.93,28.18,75.35,4.64
2022-08-08,"2,81694443","-60,69083333",0.0,1000.83,1073.69,28.88,75.35,4.64
2022-08-09,"2,81694443","-60,69083333",0.0,1001.59,969.11,28.9,75.35,4.64
2022-08-10,"2,81694443","-60,69083333",0.0,1003.19,980.44,28.94,75.35,4.64
2022-08-11,"2,81694443","-60,69083333",0.0,1002.9,897.96,27.94,75.35,4.64
2022-08-12,"2,81694443","-60,69083333",0.0,1003.83,772.86,26.83,75.35,4.64
2022-08-13,"2,81694443","-60,69083333",0.0,1004.57,670.73,25.12,75.35,4.64
2022-08-14,"2,81694443","-60,69083333",0.0,1003.9,940.43,27.22,75.35,4.64
2022-08-15,"2,81694443","-60,69083333",0.0,1002.58,950.21,27.68,75.35,4.64
2022-08-16,"2,81694443","-60,69083333",0.0,1001.68,949.79,28.53,75.35,4.64
2022-08-17,"2,81694443","-60,69083333",0.0,1001.45,980.06,28.6,75.35,4.64
2022-08-18,"2,81694443","-60,69083333",0.0,1001.07,781.91,27.29,75.35,4.64
2022-08-19,"2,81694443","-60,69083333",0.0,1001.78,981.22,28.13,75.35,4.64
2022-08-20,"2,81694443","-60,69083333",0.0,1002.18,982.81,28.45,75.35,4.64
2022-08-21,"2,81694443","-60,69083333",0.0,1003.39,376.99,24.84,75.35,4.64
2022-08-22,"2,81694443","-60,69083333",0.0,1004.12,631.62,25.81,75.35,4.64
2022-08-23,"2,81694443","-60,69083333",0.0,1003.96,471.89,24.29,75.35,4.64
2022-08-24,"2,81694443","-60,69083333",0.0,1004.94,584.23,24.72,75.35,4.64
2022-08-25,"2,81694443","-60,69083333",0.0,1004.32,798.59,25.9,75.35,4.64
2022-08-26,"2,81694443","-60,69083333",0.0,1003.26,987.17,26.98,75.35,4.64
2022-08-27,"2,81694443","-60,69083333",0.0,1001.94,994.55,27.88,75.35,4.64
2022-08-28,"2,81694443","-60,69083333",0.0,1003.22,740.2,25.92,75.35,4.64
2022-08-29,"2,81694443","-60,69083333",0.0,1002.94,858.08,26.83,75.35,4.64
2022-08-30,"2,81694443","-60,69083333",0.0,1002.94,970.78,26.99,75.35,4.64
2022-08-31,"2,81694443","-60,69083333",0.0,1003.17,890.75,26.48,75.35,4.64
2022-09-01,"2,81694443","-60,69083333",0.0,1001.03,835.95,27.28,75.35,4.64
2022-09-02,"2,81694443","-60,69083333",0.0,1001.54,394.22,25.94,75.35,4.64
2022-09-03,"2,81694443","-60,69083333",0.0,1002.54,887.44,26.32,75.35,4.64
2022-09-04,"2,81694443","-60,69083333",0.0,1001.86,818.96,26.69,75.35,4.64
2022-09-05,"2,81694443","-60,69083333",0.0,1003.34,607.08,25.5,75.35,4.64
2022-09-06,"2,81694443","-60,69083333",0.0,1004.48,986.16,26.64,75.35,4.64
2022-09-07,"2,81694443","-60,69083333",0.0,1003.34,948.26,27.28,75.35,4.64
2022-09-08,"2,81694443","-60,69083333",0.0,1001.69,1071.42,27.58,75.35,4.64
2022-09-09,"2,81694443","-60,69083333",0.0,1002.11,792.48,26.75,75.35,4.64
2022-09-10,"2,81694443","-60,69083333",0.0,1003.48,944.38,28.0,75.35,4.64
2022-09-11,"2,81694443","-60,69083333",0.0,1003.16,935.42,27.88,75.35,4.64
2022-09-12,"2,81694443","-60,69083333",0.0,1001.87,864.98,27.51,75.35,4.64
2022-09-13,"2,81694443","-60,69083333",0.0,1001.76,861.6,27.62,75.35,4.64
2022-09-14,"2,81694443","-60,69083333",0.0,1001.51,1030.67,28.23,75.35,4.64
2022-09-15,"2,81694443","-60,69083333",0.0,1001.32,1045.71,28.59,75.35,4.64
2022-09-16,"2,81694443","-60,69083333",0.0,1001.34,949.04,28.12,75.35,4.64
2022-09-17,"2,81694443","-60,69083333",0.0,1000.88,719.19,27.81,75.35,4.64
2022-09-18,"2,81694443","-60,69083333",0.0,1001.62,957.86,26.13,75.35,4.64
2022-09-19,"2,81694443","-60,69083333",0.0,1000.72,1034.79,27.73,75.35,4.64
2022-09-20,"2,81694443","-60,69083333",0.0,1000.07,832.2,27.74,75.35,4.64
2022-09-21,"2,81694443","-60,69083333",0.0,1001.03,906.8,26.45,75.35,4.64
2022-09-22,"2,81694443","-60,69083333",0.0,1000.6,1088.73,27.86,75.35,4.64
2022-09-23,"2,81694443","-60,69083333",0.0,1001.37,1095.77,28.37,75.35,4.64
2022-09-24,"2,81694443","-60,69083333",0.0,1000.59,1095.07,29.1,75.35,4.64
2022-09-25,"2,81694443","-60,69083333",0.0,999.78,1021.69,29.15,75.35,4.64
2022-09-26,"2,81694443","-60,69083333",0.0,1002.14,677.92,26.03,75.35,4.64
2022-09-27,"2,81694443","-60,69083333",0.0,1001.44,1001.78,27.4,75.35,4.64
2022-09-28,"2,81694443","-60,69083333",0.0,1000.61,984.21,28.45,75.35,4.64
2022-09-29,"2,81694443","-60,69083333",0.0,999.94,1081.99,28.74,75.35,4.64
2022-09-30,"2,81694443","-60,69083333",0.0,999.72,1023.54,29.42,75.35,4.64
2022-10-01,"2,81694443","-60,69083333",0.0,1000.87,1061.39,28.94,75.35,4.64
2022-10-02,"2,81694443","-60,69083333",0.0,1003.68,650.8,27.01,75.35,4.64
2022-10-03,"2,81694443","-60,69083333",0.0,1003.32,948.36,27.26,75.35,4.64
2022-10-04,"2,81694443","-60,69083333",0.0,1001.43,952.69,27.9,75.35,4.64
2022-10-05,"2,81694443","-60,69083333",0.0,999.42,961.22,28.41,75.35,4.64
2022-10-06,"2,81694443","-60,69083333",0.0,999.94,1054.68,28.98,75.35,4.64
2022-10-07,"2,81694443","-60,69083333",0.0,1000.29,1048.86,29.85,75.35,4.64
2022-10-08,"2,81694443","-60,69083333",0.0,999.31,1058.75,29.35,75.35,4.64
2022-10-09,"2,81694443","-60,69083333",0.0,999.82,1035.52,29.48,75.35,4.64
2022-10-10,"2,81694443","-60,69083333",0.0,1001.46,757.89,27.88,75.35,4.64
2022-10-11,"2,81694443","-60,69083333",0.0,1003.26,887.97,27.0,75.35,4.64
2022-10-12,"2,81694443","-60,69083333",0.0,1001.48,966.96,28.1,75.35,4.64
2022-10-13,"2,81694443","-60,69083333",0.0,1000.92,882.51,27.85,75.35,4.64
2022-10-14,"2,81694443","-60,69083333",0.0,1001.57,936.96,27.69,75.35,4.64
2022-10-15,"2,81694443","-60,69083333",0.0,1002.08,670.24,27.3,75.35,4.64
2022-10-16,"2,81694443","-60,69083333",0.0,1000.51,1042.99,27.81,75.35,4.64
2022-10-17,"2,81694443","-60,69083333",0.0,1000.25,640.32,27.12,75.35,4.64
2022-10-18,"2,81694443","-60,69083333",0.0,1001.6,951.33,26.74,75.35,4.64
2022-10-19,"2,81694443","-60,69083333",0.0,1001.81,507.66,25.25,75.35,4.64
2022-10-20,"2,81694443","-60,69083333",0.0,1001.4,945.81,26.35,75.35,4.64
2022-10-21,"2,81694443","-60,69083333",0.0,999.84,1025.59,28.65,75.35,4.64
2022-10-22,"2,81694443","-60,69083333",0.0,999.58,964.62,29.31,75.35,4.64
2022-10-23,"2,81694443","-60,69083333",0.0,999.63,840.65,28.93,75.35,4.64
2022-10-24,"2,81694443","-60,69083333",0.0,1000.92,888.91,28.96,75.35,4.64
2022-10-25,"2,81694443","-60,69083333",0.0,1000.55,521.44,27.0,75.35,4.64
2022-10-26,"2,81694443","-60,69083333",0.0,1000.02,511.35,25.45,75.35,4.64
2022-10-27,"2,81694443","-60,69083333",0.0,999.21,782.06,26.6,75.35,4.64
2022-10-28,"2,81694443","-60,69083333",0.0,999.48,979.95,28.0,75.35,4.64
2022-10-29,"2,81694443","-60,69083333",0.0,999.51,868.58,28.76,75.35,4.64
2022-10-30,"2,81694443","-60,69083333",0.0,999.42,794.78,27.19,75.35,4.64
2022-10-31,"2,81694443","-60,69083333",0.0,999.9,750.44,26.81,75.35,4.64
2022-11-01,"2,81694443","-60,69083333",0.0,1000.89,875.04,27.37,75.35,4.64
2022-11-02,"2,81694443","-60,69083333",0.0,1002.45,757.03,27.11,75.35,4.64
2022-11-03,"2,81694443","-60,69083333",0.0,1003.92,370.55,23.9,75.35,4.64
2022-11-04,"2,81694443","-60,69083333",0.0,1003.66,640.8,24.65,75.35,4.64
2022-11-05,"2,81694443","-60,69083333",0.0,1002.17,599.38,25.5,75.35,4.64
2022-11-06,"2,81694443","-60,69083333",0.0,1002.94,229.36,23.83,75.35,4.64
2022-11-07,"2,81694443","-60,69083333",0.0,1001.64,922.63,26.71,75.35,4.7
2022-11-08,"2,81694443","-60,69083333",0.0,1003.6,0.0,25.78,75.35,3.92
2022-11-09,"2,81694443","-60,69083333",0.0,1002.39,1449.16,27.52,75.35,5.08
2022-11-10,"2,81694443","-60,69083333",0.0,1000.9,1207.76,29.22,75.35,3.94
2022-11-11,"2,81694443","-60,69083333",0.0,1000.0,1230.22,29.88,75.35,5.09
2022-11-12,"2,81694443","-60,69083333",0.0,1000.02,2080.74,31.25,75.35,5.47
2022-11-13,"2,81694443","-60,69083333",0.0,999.79,1746.98,29.91,75.35,4.98
2022-11-14,"2,81694443","-60,69083333",0.0,1000.09,978.98,28.42,75.35,4.66
2022-11-15,"2,81694443","-60,69083333",0.0,1000.32,814.24,28.12,75.35,5.29
2022-11-16,"2,81694443","-60,69083333",0.0,1001.25,641.54,27.73,75.35,3.68
2022-11-17,"2,81694443","-60,69083333",0.0,1000.61,962.13,28.1,75.35,4.39
2022-11-18,"2,81694443","-60,69083333",0.0,1000.18,1010.65,28.63,75.35,3.45
2022-11-19,"2,81694443","-60,69083333",0.0,1000.62,708.72,27.68,75.35,3.99
2022-11-20,"2,81694443","-60,69083333",0.0,999.39,988.58,27.71,75.35,4.15
2022-11-21,"2,81694443","-60,69083333",0.0,998.96,747.94,27.65,75.35,4.99
2022-11-22,"2,81694443","-60,69083333",0.0,999.18,906.56,28.08,75.35,5.65
2022-11-23,"2,81694443","-60,69083333",0.0,999.04,719.66,27.65,75.35,4.39
2022-11-24,"2,81694443","-60,69083333",0.0,1000.93,239.12,24.65,75.35,3.31
2022-11-25,"2,81694443","-60,69083333",0.0,1001.3,901.15,26.41,75.35,2.92
2022-11-26,"2,81694443","-60,69083333",0.0,1000.95,826.07,27.34,75.35,4.39
2022-11-27,"2,81694443","-60,69083333",0.0,1001.45,485.19,25.95,75.35,3.21
2022-11-28,"2,81694443","-60,69083333",0.0,999.96,543.06,25.87,75.35,3.21
2022-11-29,"2,81694443","-60,69083333",0.0,998.71,553.3,25.5,75.35,4.24
2022-11-30,"2,81694443","-60,69083333",0.0,997.44,913.48,27.15,75.35,5.18
2022-12-01,"2,81694443","-60,69083333",0.0,997.66,642.72,27.06,75.35,6.07
2022-12-02,"2,81694443","-60,69083333",0.0,998.07,511.37,26.29,67.0,5.69
2022-12-03,"2,81694443","-60,69083333",0.4,999.02,1455.32,26.31,74.67,4.87
2022-12-04,"2,81694443","-60,69083333",8.2,999.82,421.58,23.26,86.21,3.57
2022-12-05,"2,81694443","-60,69083333",0.0,999.55,1900.22,25.25,76.71,2.76
2022-12-06,"2,81694443","-60,69083333",4.2,997.7,1427.48,26.73,74.0,3.6
2022-12-07,"2,81694443","-60,69083333",4.8,1000.71,1481.57,27.18,74.04,3.79
2022-12-08,"2,81694443","-60,69083333",21.8,999.38,1059.9,25.06,80.71,4.12
2022-12-09,"2,81694443","-60,69083333",0.2,1000.4,1723.28,26.2,76.29,3.29
2022-12-10,"2,81694443","-60,69083333",0.6,1000.43,1726.84,27.22,69.75,4.37
2022-12-11,"2,81694443","-60,69083333",0.6,1001.95,1543.16,26.65,70.12,5.16
2022-12-12,"2,81694443","-60,69083333",2.4,1001.05,1363.88,25.98,77.67,4.4
2022-12-13,"2,81694443","-60,69083333",6.2,1000.87,1654.13,25.74,78.0,3.58
2022-12-14,"2,81694443","-60,69083333",0.2,1001.3,1942.85,27.14,68.83,4.19
2022-12-15,"2,81694443","-60,69083333",0.0,1000.99,1804.45,27.66,62.04,7.19
2022-12-16,"2,81694443","-60,69083333",0.0,999.83,1349.25,26.73,62.83,5.45
2022-12-17,"2,81694443","-60,69083333",0.2,998.91,1712.38,27.4,65.75,5.45
2022-12-18,"2,81694443","-60,69083333",0.0,1000.02,1712.69,27.39,64.25,6.63
2022-12-19,"2,81694443","-60,69083333",0.0,1002.08,1450.96,26.62,63.75,7.03
2022-12-20,"2,81694443","-60,69083333",0.0,1001.85,1563.27,27.09,65.58,6.24
2022-12-21,"2,81694443","-60,69083333",0.0,1002.18,1119.7,26.5,66.0,6.15
2022-12-22,"2,81694443","-60,69083333",0.0,1002.14,1798.83,26.95,64.21,5.47
2022-12-23,"2,81694443","-60,69083333",0.0,1002.67,1740.56,26.85,59.67,6.65
2022-12-24,"2,81694443","-60,69083333",0.0,1002.09,1894.58,26.37,55.79,6.93
2022-12-25,"2,81694443","-60,69083333",0.0,1000.83,1436.21,26.26,61.79,5.87
2022-12-26,"2,81694443","-60,69083333",0.0,1001.32,1284.83,27.14,68.0,5.33
2022-12-27,"2,81694443","-60,69083333",0.0,1002.1,1318.58,26.62,71.25,5.99
2022-12-28,"2,81694443","-60,69083333",0.0,1002.93,1752.28,26.89,65.83,4.33
2022-12-29,"2,81694443","-60,69083333",0.0,1003.32,1032.53,26.87,64.29,5.52
2022-12-30,"2,81694443","-60,69083333",0.0,1001.82,1486.99,27.38,66.79,5.47
2022-12-31,"2,81694443","-60,69083333",0.8,1001.54,1629.93,27.07,67.79,4.9
2022-01-01,"-19,97999999","-43,95861111",55.0,879.38,265.36,18.34,88.21,7.53
2022-01-02,"-19,97999999","-43,95861111",15.0,880.5,670.58,19.59,83.21,7.32
2022-01-03,"-19,97999999","-43,95861111",30.2,880.26,469.71,19.75,85.21,6.87
2022-01-04,"-19,97999999","-43,95861111",6.6,879.06,541.1,19.93,80.79,8.1
2022-01-05,"-19,97999999","-43,95861111",16.8,878.29,297.95,19.26,86.42,7.5
2022-01-06,"-19,97999999","-43,95861111",39.8,877.75,359.4,19.76,86.5,8.41
2022-01-07,"-19,97999999","-43,95861111",50.2,877.71,178.67,18.88,89.83,8.73
2022-01-08,"-19,97999999","-43,95861111",138.6,877.68,109.52,18.36,89.96,7.64
2022-01-09,"-19,97999999","-43,95861111",106.8,878.83,181.97,18.06,90.0,8.79
2022-01-10,"-19,97999999","-43,95861111",63.0,878.77,272.6,18.6,88.79,10.41
2022-01-11,"-19,97999999","-43,95861111",60.6,879.22,386.21,18.63,88.96,11.02
2022-01-12,"-19,97999999","-43,95861111",5.6,881.2,1008.64,21.35,76.04,7.01
2022-01-13,"-19,97999999","-43,95861111",2.2,883.75,859.52,22.96,69.62,5.99
2022-01-14,"-19,97999999","-43,95861111",0.0,885.64,1287.51,23.89,56.71,8.6
2022-01-15,"-19,97999999","-43,95861111",0.0,885.07,913.43,22.67,62.08,8.15
2022-01-16,"-19,97999999","-43,95861111",0.0,883.2,736.04,21.79,68.08,6.6
2022-01-17,"-19,97999999","-43,95861111",0.0,882.64,1003.91,22.67,64.08,6.38
2022-01-18,"-19,97999999","-43,95861111",0.0,883.45,637.45,22.15,68.12,6.99
2022-01-19,"-19,97999999","-43,95861111",0.0,884.26,1126.04,23.56,60.17,7.55
2022-01-20,"-19,97999999","-43,95861111",13.6,883.67,875.49,23.03,62.04,7.94
2022-01-21,"-19,97999999","-43,95861111",8.6,881.64,669.71,21.95,70.96,8.63
2022-01-22,"-19,97999999","-43,95861111",0.0,881.63,875.98,22.59,63.42,8.45
2022-01-23,"-19,97999999","-43,95861111",0.0,881.42,1067.88,22.26,58.29,8.83
2022-01-24,"-19,97999999","-43,95861111",0.0,881.02,903.31,21.94,61.71,8.8
2022-01-25,"-19,97999999","-43,95861111",0.0,880.84,1059.12,21.7,58.33,7.88
2022-01-26,"-19,97999999","-43,95861111",0.0,880.8,1104.42,21.95,58.08,8.29
2022-01-27,"-19,97999999","-43,95861111",0.0,880.48,798.49,22.06,60.62,5.67
2022-01-28,"-19,97999999","-43,95861111",0.2,878.86,894.45,23.28,59.46,6.25
2022-01-29,"-19,97999999","-43,95861111",16.0,878.82,663.07,20.29,74.17,9.25
2022-01-30,"-19,97999999","-43,95861111",18.2,880.42,468.02,20.02,76.29,8.23
2022-01-31,"-19,97999999","-43,95861111",20.2,880.83,241.8,19.54,82.33,7.4
2022-02-01,"-19,97999999","-43,95861111",1.2,881.03,661.98,20.74,77.33,6.14
2022-02-02,"-19,97999999","-43,95861111",1.8,882.12,647.36,20.01,78.71,6.65
2022-02-03,"-19,97999999","-43,95861111",5.2,881.82,635.13,20.32,79.21,6.98
2022-02-04,"-19,97999999","-43,95861111",0.2,881.37,725.1,21.73,68.88,5.5
2022-02-05,"-19,97999999","-43,95861111",5.0,880.27,426.02,20.7,83.04,5.82
2022-02-06,"-19,97999999","-43,95861111",8.8,880.52,326.12,19.38,86.54,5.7
2022-02-07,"-19,97999999","-43,95861111",16.0,880.12,336.21,18.95,87.08,6.2
2022-02-08,"-19,97999999","-43,95861111",15.2,879.5,287.13,19.04,87.21,6.18
2022-02-09,"-19,97999999","-43,95861111",20.8,878.98,324.73,19.2,87.46,6.0
2022-02-10,"-19,97999999","-43,95861111",36.4,879.59,514.68,19.72,83.33,5.44
2022-02-11,"-19,97999999","-43,95861111",52.6,880.11,530.98,18.95,82.79,7.33
2022-02-12,"-19,97999999","-43,95861111",19.0,880.34,378.12,18.2,86.08,8.31
2022-02-13,"-19,97999999","-43,95861111",0.0,879.99,779.27,20.24,76.38,8.13
2022-02-14,"-19,97999999","-43,95861111",0.4,880.0,791.59,21.65,71.25,7.18
2022-02-15,"-19,97999999","-43,95861111",25.0,880.99,465.34,20.2,80.0,6.49
2022-02-16,"-19,97999999","-43,95861111",3.0,881.4,880.11,20.6,74.58,10.58
2022-02-17,"-19,97999999","-43,95861111",0.8,880.67,931.58,20.23,68.58,7.8
2022-02-18,"-19,97999999","-43,95861111",18.6,878.08,290.7,18.68,85.92,5.19
2022-02-19,"-19,97999999","-43,95861111",0.2,878.65,675.42,20.32,75.38,4.82
2022-02-20,"-19,97999999","-43,95861111",20.8,882.02,651.98,19.91,77.88,5.27
2022-02-21,"-19,97999999","-43,95861111",16.0,883.36,721.54,20.35,78.29,6.33
2022-02-22,"-19,97999999","-43,95861111",3.2,882.83,704.33,20.52,75.58,7.47
2022-02-23,"-19,97999999","-43,95861111",0.0,881.41,1122.89,22.14,62.17,6.88
2022-02-24,"-19,97999999","-43,95861111",0.0,881.98,782.87,22.49,66.58,7.33
2022-02-25,"-19,97999999","-43,95861111",0.0,883.64,1085.15,22.73,66.04,10.01
2022-02-26,"-19,97999999","-43,95861111",0.0,883.78,1165.41,22.62,61.25,8.5
2022-02-27,"-19,97999999","-43,95861111",0.0,882.49,770.19,21.57,65.0,8.13
2022-02-28,"-19,97999999","-43,95861111",0.0,881.98,1094.23,21.77,62.42,9.12
2022-03-01,"-19,97999999","-43,95861111",0.0,882.11,1084.21,21.22,61.5,10.08
2022-03-02,"-19,97999999","-43,95861111",0.0,882.52,927.94,21.92,60.42,8.46
2022-03-03,"-19,97999999","-43,95861111",0.0,882.59,949.83,22.01,60.12,7.32
2022-03-04,"-19,97999999","-43,95861111",0.0,882.19,880.14,22.05,63.92,8.37
2022-03-05,"-19,97999999","-43,95861111",0.0,881.86,999.33,22.29,62.67,8.44
2022-03-06,"-19,97999999","-43,95861111",0.0,882.05,1115.24,21.83,61.92,8.61
2022-03-07,"-19,97999999","-43,95861111",0.0,881.61,788.72,21.61,61.62,8.58
2022-03-08,"-19,97999999","-43,95861111",0.0,881.71,1144.41,22.55,55.46,8.84
2022-03-09,"-19,97999999","-43,95861111",0.0,881.85,999.38,22.24,59.21,9.28
2022-03-10,"-19,97999999","-43,95861111",0.0,882.04,825.51,21.24,65.04,9.22
2022-03-11,"-19,97999999","-43,95861111",0.0,881.35,890.38,22.04,66.62,8.79
2022-03-12,"-19,97999999","-43,95861111",15.8,881.1,667.02,21.62,69.58,8.11
2022-03-13,"-19,97999999","-43,95861111",0.2,881.9,1037.69,22.54,68.25,7.6
2022-03-14,"-19,97999999","-43,95861111",0.0,880.5,793.26,22.31,61.71,7.14
2022-03-15,"-19,97999999","-43,95861111",0.0,880.36,800.02,22.54,62.21,6.25
2022-03-16,"-19,97999999","-43,95861111",0.0,881.47,1042.14,22.65,63.12,9.2
2022-03-17,"-19,97999999","-43,95861111",0.0,882.9,886.39,21.99,67.71,9.2
2022-03-18,"-19,97999999","-43,95861111",0.0,883.1,844.2,22.28,64.17,8.51
2022-03-19,"-19,97999999","-43,95861111",0.0,882.19,1081.18,22.16,53.96,7.49
2022-03-20,"-19,97999999","-43,95861111",0.0,881.71,856.08,22.26,57.54,7.86
2022-03-21,"-19,97999999","-43,95861111",6.2,882.67,544.25,18.75,75.0,14.66
2022-03-22,"-19,97999999","-43,95861111",0.0,883.32,957.98,18.24,65.58,18.0
2022-03-23,"-19,97999999","-43,95861111",0.0,883.76,956.36,19.61,71.17,12.15
2022-03-24,"-19,97999999","-43,95861111",0.0,882.82,887.34,20.31,67.79,9.18
2022-03-25,"-19,97999999","-43,95861111",0.0,881.43,887.24,21.8,64.17,7.52
2022-03-26,"-19,97999999","-43,95861111",2.4,880.32,907.32,23.26,63.08,7.35
2022-03-27,"-19,97999999","-43,95861111",0.4,881.32,773.52,23.54,61.38,7.48
2022-03-28,"-19,97999999","-43,95861111",0.0,882.74,845.01,22.77,65.88,9.73
2022-03-29,"-19,97999999","-43,95861111",0.0,882.57,745.81,21.25,68.42,9.04
2022-03-30,"-19,97999999","-43,95861111",0.0,880.97,966.48,22.67,59.79,7.7
2022-03-31,"-19,97999999","-43,95861111",0.0,880.73,971.98,24.18,53.17,8.03
2022-04-01,"-19,97999999","-43,95861111",27.8,883.17,796.47,21.55,70.96,8.87
2022-04-02,"-19,97999999","-43,95861111",0.6,883.97,603.39,20.56,76.75,9.14
2022-04-03,"-19,97999999","-43,95861111",1.0,883.76,483.68,19.69,81.0,9.25
2022-04-04,"-19,97999999","-43,95861111",0.2,883.39,518.32,20.41,74.92,7.97
2022-04-05,"-19,97999999","-43,95861111",0.0,882.63,876.47,22.11,64.42,6.91
2022-04-06,"-19,97999999","-43,95861111",1.2,882.0,652.61,21.78,69.38,8.22
2022-04-07,"-19,97999999","-43,95861111",0.0,881.5,748.6,21.8,71.5,9.26
2022-04-08,"-19,97999999","-43,95861111",0.2,882.4,684.0,22.05,71.42,8.5
2022-04-09,"-19,97999999","-43,95861111",0.6,881.86,413.24,20.82,75.04,6.87
2022-04-10,"-19,97999999","-43,95861111",0.2,880.05,830.83,22.62,66.92,6.83
2022-04-11,"-19,97999999","-43,95861111",0.0,880.1,868.36,21.9,66.12,10.44
2022-04-12,"-19,97999999","-43,95861111",0.0,880.62,749.18,21.96,68.29,7.31
2022-04-13,"-19,97999999","-43,95861111",0.0,879.66,693.28,22.99,63.21,6.0
2022-04-14,"-19,97999999","-43,95861111",3.6,878.23,589.93,22.17,69.46,7.0
2022-04-15,"-19,97999999","-43,95861111",0.2,878.38,609.42,19.55,72.25,10.94
2022-04-16,"-19,97999999","-43,95861111",0.0,880.87,889.8,17.76,66.33,12.24
2022-04-17,"-19,97999999","-43,95861111",0.0,882.4,741.78,17.78,63.04,10.89
2022-04-18,"-19,97999999","-43,95861111",0.0,882.83,739.41,17.78,62.17,11.22
2022-04-19,"-19,97999999","-43,95861111",0.0,883.27,868.62,18.69,56.75,9.58
2022-04-20,"-19,97999999","-43,95861111",0.0,883.2,769.02,20.04,56.17,7.91
2022-04-21,"-19,97999999","-43,95861111",0.0,882.13,804.88,20.65,54.58,7.68
2022-04-22,"-19,97999999","-43,95861111",0.0,880.44,862.03,21.7,45.04,5.79
2022-04-23,"-19,97999999","-43,95861111",0.0,880.9,841.37,22.42,46.04,7.91
2022-04-24,"-19,97999999","-43,95861111",0.0,883.35,797.1,23.54,48.38,6.48
2022-04-25,"-19,97999999","-43,95861111",10.4,884.87,566.45,19.88,75.0,10.62
2022-04-26,"-19,97999999","-43,95861111",0.0,884.12,810.42,20.58,68.5,10.15
2022-04-27,"-19,97999999","-43,95861111",0.0,883.55,720.89,20.08,66.04,9.03
2022-04-28,"-19,97999999","-43,95861111",0.0,884.91,866.71,20.87,57.67,8.5
2022-04-29,"-19,97999999","-43,95861111",0.0,884.25,808.75,21.39,59.38,8.52
2022-04-30,"-19,97999999","-43,95861111",0.0,884.0,753.35,20.25,61.79,9.99
2022-05-01,"-19,97999999","-43,95861111",0.0,883.45,847.7,19.91,57.08,8.14
2022-05-02,"-19,97999999","-43,95861111",0.0,883.2,768.58,20.54,58.42,7.38
2022-05-03,"-19,97999999","-43,95861111",0.0,882.57,795.83,21.32,54.58,7.4
2022-05-04,"-19,97999999","-43,95861111",8.2,881.12,561.3,21.26,58.67,7.27
2022-05-05,"-19,97999999","-43,95861111",52.6,882.41,246.28,18.17,85.08,6.19
2022-05-06,"-19,97999999","-43,95861111",0.4,884.52,593.04,19.55,77.5,6.66
2022-05-07,"-19,97999999","-43,95861111",0.2,885.09,593.21,18.69,76.54,11.89
2022-05-08,"-19,97999999","-43,95861111",0.4,884.86,713.52,18.14,73.46,10.9
2022-05-09,"-19,97999999","-43,95861111",0.0,884.7,723.13,17.5,63.25,11.61
2022-05-10,"-19,97999999","-43,95861111",0.0,883.42,850.29,16.89,57.71,10.49
2022-05-11,"-19,97999999","-43,95861111",0.0,882.3,802.78,18.5,56.79,6.75
2022-05-12,"-19,97999999","-43,95861111",0.0,881.7,560.2,20.08,53.08,4.78
2022-05-13,"-19,97999999","-43,95861111",0.0,883.22,693.7,19.48,65.46,6.75
2022-05-14,"-19,97999999","-43,95861111",0.2,883.73,808.53,19.28,69.17,9.73
2022-05-15,"-19,97999999","-43,95861111",0.2,882.07,292.45,16.93,75.67,8.21
2022-05-16,"-19,97999999","-43,95861111",3.8,881.8,519.95,18.25,72.67,6.3
2022-05-17,"-19,97999999","-43,95861111",3.6,880.88,282.56,16.12,79.42,8.52
2022-05-18,"-19,97999999","-43,95861111",0.0,878.72,763.98,11.0,54.96,13.62
2022-05-19,"-19,97999999","-43,95861111",0.0,879.03,793.13,9.33,57.88,11.12
2022-05-20,"-19,97999999","-43,95861111",0.0,883.53,794.66,12.65,55.25,6.95
2022-05-21,"-19,97999999","-43,95861111",0.0,886.28,769.8,14.19,50.25,8.47
2022-05-22,"-19,97999999","-43,95861111",0.0,886.57,787.1,15.05,54.79,9.54
2022-05-23,"-19,97999999","-43,95861111",0.0,886.05,657.54,15.65,57.92,9.82
2022-05-24,"-19,97999999","-43,95861111",0.0,886.88,692.76,15.66,63.21,10.24
2022-05-25,"-19,97999999","-43,95861111",0.0,888.38,478.06,14.77,70.88,10.46
2022-05-26,"-19,97999999","-43,95861111",0.0,888.4,647.52,16.67,66.96,10.0
2022-05-27,"-19,97999999","-43,95861111",0.0,886.71,597.47,16.45,64.75,8.81
2022-05-28,"-19,97999999","-43,95861111",0.0,884.76,666.04,16.42,63.75,6.85
2022-05-29,"-19,97999999","-43,95861111",0.2,882.9,646.18,17.87,68.83,6.19
2022-05-30,"-19,97999999","-43,95861111",0.2,881.78,718.3,19.59,60.46,5.22
2022-05-31,"-19,97999999","-43,95861111",0.0,881.89,666.89,21.84,41.21,3.99
2022-06-01,"-19,97999999","-43,95861111",0.0,882.49,720.18,19.83,63.96,8.94
2022-06-02,"-19,97999999","-43,95861111",0.0,882.49,711.1,20.11,62.29,7.46
2022-06-03,"-19,97999999","-43,95861111",0.0,883.31,647.28,21.73,46.46,4.54
2022-06-04,"-19,97999999","-43,95861111",0.0,884.3,726.92,17.33,68.58,13.64
2022-06-05,"-19,97999999","-43,95861111",0.0,885.2,731.8,15.91,64.96,10.96
2022-06-06,"-19,97999999","-43,95861111",0.0,883.97,743.43,15.33,61.38,7.91
2022-06-07,"-19,97999999","-43,95861111",0.0,882.14,693.97,17.56,49.54,4.58
2022-06-08,"-19,97999999","-43,95861111",0.0,881.49,638.46,19.71,45.83,4.64
2022-06-09,"-19,97999999","-43,95861111",0.0,882.49,465.21,19.82,53.58,5.62
2022-06-10,"-19,97999999","-43,95861111",0.0,882.36,572.8,19.44,55.38,7.81
2022-06-11,"-19,97999999","-43,95861111",0.0,881.9,422.84,19.24,62.08,6.47
2022-06-12,"-19,97999999","-43,95861111",0.0,882.25,514.4,18.36,67.83,5.58
2022-06-13,"-19,97999999","-43,95861111",0.0,883.8,733.81,16.58,44.0,7.93
2022-06-14,"-19,97999999","-43,95861111",0.0,885.0,733.25,14.38,52.83,12.68
2022-06-15,"-19,97999999","-43,95861111",0.0,885.53,578.81,14.61,62.12,9.81
2022-06-16,"-19,97999999","-43,95861111",0.4,884.36,714.65,15.14,65.29,6.38
2022-06-17,"-19,97999999","-43,95861111",0.0,882.1,717.04,17.44,50.96,5.85
2022-06-18,"-19,97999999","-43,95861111",0.0,882.9,553.7,19.04,40.54,6.44
2022-06-19,"-19,97999999","-43,95861111",0.0,884.91,625.8,17.65,62.08,10.83
2022-06-20,"-19,97999999","-43,95861111",0.0,885.87,636.73,16.98,69.17,10.81
2022-06-21,"-19,97999999","-43,95861111",0.0,885.69,693.49,16.87,67.25,8.7
2022-06-22,"-19,97999999","-43,95861111",0.0,884.9,723.68,17.37,59.71,6.99
2022-06-23,"-19,97999999","-43,95861111",0.2,885.32,723.84,17.78,59.5,6.4
2022-06-24,"-19,97999999","-43,95861111",0.0,885.51,729.74,17.92,52.71,6.91
2022-06-25,"-19,97999999","-43,95861111",0.0,884.83,714.65,18.9,44.79,5.87
2022-06-26,"-19,97999999","-43,95861111",0.0,883.97,645.2,16.97,55.17,12.62
2022-06-27,"-19,97999999","-43,95861111",0.0,885.02,681.56,14.35,70.67,11.94
2022-06-28,"-19,97999999","-43,95861111",0.0,884.9,723.27,14.56,65.96,8.72
2022-06-29,"-19,97999999","-43,95861111",0.0,884.23,691.98,16.82,55.04,5.61
2022-06-30,"-19,97999999","-43,95861111",0.0,883.77,715.04,19.6,45.29,4.39
2022-07-01,"-19,97999999","-43,95861111",0.0,884.85,735.72,16.66,62.25,9.65
2022-07-02,"-19,97999999","-43,95861111",0.0,887.3,709.9,16.1,66.38,10.47
2022-07-03,"-19,97999999","-43,95861111",0.0,888.71,739.97,16.65,66.21,8.81
2022-07-04,"-19,97999999","-43,95861111",0.0,888.05,745.43,16.33,61.08,8.45
2022-07-05,"-19,97999999","-43,95861111",0.0,886.87,494.26,16.72,58.29,6.94
2022-07-06,"-19,97999999","-43,95861111",0.0,886.03,642.12,16.53,62.29,7.11
2022-07-07,"-19,97999999","-43,95861111",0.0,886.5,663.83,16.58,57.29,6.42
2022-07-08,"-19,97999999","-43,95861111",0.0,888.12,740.91,16.5,53.75,8.76
2022-07-09,"-19,97999999","-43,95861111",0.0,888.14,545.05,16.66,58.17,9.51
2022-07-10,"-19,97999999","-43,95861111",0.0,887.2,616.28,16.12,62.75,9.95
2022-07-11,"-19,97999999","-43,95861111",0.0,884.71,680.75,16.52,60.71,7.87
2022-07-12,"-19,97999999","-43,95861111",0.0,884.67,585.8,18.24,47.88,6.74
2022-07-13,"-19,97999999","-43,95861111",0.0,885.5,737.04,18.66,49.08,7.98
2022-07-14,"-19,97999999","-43,95861111",0.0,885.93,502.93,16.71,63.29,8.99
2022-07-15,"-19,97999999","-43,95861111",0.0,884.88,662.21,17.37,63.12,8.39
2022-07-16,"-19,97999999","-43,95861111",0.0,884.01,672.98,18.52,56.83,6.54
2022-07-17,"-19,97999999","-43,95861111",0.0,885.72,668.61,20.0,50.54,5.16
2022-07-18,"-19,97999999","-43,95861111",0.0,887.41,772.78,18.34,61.12,8.95
2022-07-19,"-19,97999999","-43,95861111",0.0,887.57,758.72,17.55,58.75,9.09
2022-07-20,"-19,97999999","-43,95861111",0.0,885.87,670.29,16.99,62.75,9.75
2022-07-21,"-19,97999999","-43,95861111",0.0,885.01,682.24,17.0,60.92,9.83
2022-07-22,"-19,97999999","-43,95861111",0.0,884.96,739.35,17.39,57.04,7.92
2022-07-23,"-19,97999999","-43,95861111",0.0,884.82,785.17,17.81,55.42,7.6
2022-07-24,"-19,97999999","-43,95861111",0.0,885.5,760.58,17.23,58.71,9.17
2022-07-25,"-19,97999999","-43,95861111",0.0,885.9,783.49,17.06,58.29,9.61
2022-07-26,"-19,97999999","-43,95861111",0.0,886.09,619.63,16.27,61.33,8.72
2022-07-27,"-19,97999999","-43,95861111",0.0,886.02,693.02,16.2,61.54,7.68
2022-07-28,"-19,97999999","-43,95861111",0.0,883.38,783.82,17.8,48.71,5.87
2022-07-29,"-19,97999999","-43,95861111",0.0,881.22,732.13,19.46,43.12,7.22
2022-07-30,"-19,97999999","-43,95861111",0.0,881.29,584.46,20.7,41.42,6.99
2022-07-31,"-19,97999999","-43,95861111",0.0,883.97,775.24,18.1,66.33,9.72
2022-08-01,"-19,97999999","-43,95861111",0.0,884.15,715.02,17.68,70.58,11.68
2022-08-02,"-19,97999999","-43,95861111",0.0,883.9,665.18,19.08,58.62,9.69
2022-08-03,"-19,97999999","-43,95861111",0.0,883.85,796.6,19.69,51.38,9.44
2022-08-04,"-19,97999999","-43,95861111",0.0,883.17,761.18,19.24,48.58,7.46
2022-08-05,"-19,97999999","-43,95861111",0.0,882.08,799.77,20.64,43.04,6.44
2022-08-06,"-19,97999999","-43,95861111",0.0,882.61,782.23,21.77,40.5,7.33
2022-08-07,"-19,97999999","-43,95861111",0.0,882.68,807.15,20.25,55.5,8.82
2022-08-08,"-19,97999999","-43,95861111",0.0,882.46,608.84,20.28,51.0,8.93
2022-08-09,"-19,97999999","-43,95861111",0.2,883.58,581.65,19.37,59.42,9.52
2022-08-10,"-19,97999999","-43,95861111",0.2,881.3,359.35,17.66,70.33,11.37
2022-08-11,"-19,97999999","-43,95861111",0.0,882.11,863.93,14.74,47.67,10.7
2022-08-12,"-19,97999999","-43,95861111",0.0,885.9,879.85,15.58,52.46,13.29
2022-08-13,"-19,97999999","-43,95861111",0.0,887.39,865.56,16.02,55.88,12.45
2022-08-14,"-19,97999999","-43,95861111",0.0,886.64,897.97,15.84,56.12,11.28
2022-08-15,"-19,97999999","-43,95861111",0.0,884.73,893.4,15.63,53.67,9.33
2022-08-16,"-19,97999999","-43,95861111",0.0,883.86,859.57,18.25,51.92,8.13
2022-08-17,"-19,97999999","-43,95861111",0.0,883.12,852.15,20.58,47.25,8.95
2022-08-18,"-19,97999999","-43,95861111",0.0,882.97,882.53,19.13,52.54,11.09
2022-08-19,"-19,97999999","-43,95861111",0.0,885.18,830.35,19.88,47.21,8.4
2022-08-20,"-19,97999999","-43,95861111",0.0,886.93,823.4,14.38,66.17,20.08
2022-08-21,"-19,97999999","-43,95861111",0.0,887.82,596.8,13.6,68.0,13.16
2022-08-22,"-19,97999999","-43,95861111",0.0,886.8,916.9,14.79,53.12,9.48
2022-08-23,"-19,97999999","-43,95861111",0.0,886.7,895.71,16.7,53.83,10.58
2022-08-24,"-19,97999999","-43,95861111",0.0,886.71,795.09,17.48,53.04,9.83
2022-08-25,"-19,97999999","-43,95861111",0.0,886.79,785.56,17.6,56.5,9.95
2022-08-26,"-19,97999999","-43,95861111",0.0,886.52,735.06,17.65,62.62,10.61
2022-08-27,"-19,97999999","-43,95861111",0.0,884.88,724.22,18.72,52.5,9.95
2022-08-28,"-19,97999999","-43,95861111",0.0,884.31,707.7,20.77,42.04,7.41
2022-08-29,"-19,97999999","-43,95861111",0.0,884.58,851.1,19.05,51.58,14.38
2022-08-30,"-19,97999999","-43,95861111",0.0,886.42,782.61,13.14,60.71,18.64
2022-08-31,"-19,97999999","-43,95861111",0.0,887.0,986.29,13.32,52.38,12.81
2022-09-01,"-19,97999999","-43,95861111",0.0,885.95,980.46,14.6,49.96,10.07
2022-09-02,"-19,97999999","-43,95861111",0.0,885.06,960.66,15.92,50.04,8.3
2022-09-03,"-19,97999999","-43,95861111",0.0,884.19,947.44,20.12,34.92,5.03
2022-09-04,"-19,97999999","-43,95861111",0.0,884.25,919.42,20.5,41.04,10.1
2022-09-05,"-19,97999999","-43,95861111",0.0,886.45,592.56,16.56,70.25,13.71
2022-09-06,"-19,97999999","-43,95861111",0.0,888.33,691.51,15.86,67.25,9.95
2022-09-07,"-19,97999999","-43,95861111",0.0,886.55,780.78,15.74,54.46,10.7
2022-09-08,"-19,97999999","-43,95861111",0.0,884.34,951.49,18.35,53.88,8.63
2022-09-09,"-19,97999999","-43,95861111",0.0,884.25,865.17,20.8,45.62,8.14
2022-09-10,"-19,97999999","-43,95861111",0.0,883.78,947.39,23.02,34.25,7.33
2022-09-11,"-19,97999999","-43,95861111",0.0,882.64,824.05,24.69,29.62,7.02
2022-09-12,"-19,97999999","-43,95861111",0.0,882.26,910.71,20.98,54.21,12.41
2022-09-13,"-19,97999999","-43,95861111",0.0,880.86,931.75,21.44,52.54,10.51
2022-09-14,"-19,97999999","-43,95861111",0.0,880.93,893.71,24.29,38.71,7.94
2022-09-15,"-19,97999999","-43,95861111",0.0,881.84,778.24,21.59,53.42,12.05
2022-09-16,"-19,97999999","-43,95861111",1.2,882.34,616.16,19.14,67.04,12.8
2022-09-17,"-19,97999999","-43,95861111",0.0,882.63,383.77,13.98,78.42,17.64
2022-09-18,"-19,97999999","-43,95861111",0.0,882.75,698.17,14.99,64.58,13.8
2022-09-19,"-19,97999999","-43,95861111",0.0,881.68,1044.37,18.03,61.88,11.73
2022-09-20,"-19,97999999","-43,95861111",0.0,880.08,751.51,19.43,61.46,9.61
2022-09-21,"-19,97999999","-43,95861111",12.2,879.39,657.42,22.16,59.75,5.73
2022-09-22,"-19,97999999","-43,95861111",21.2,879.63,267.88,19.32,80.42,8.49
2022-09-23,"-19,97999999","-43,95861111",0.0,879.89,814.08,20.77,65.62,8.72
2022-09-24,"-19,97999999","-43,95861111",0.0,882.12,1048.79,21.16,40.42,8.76
2022-09-25,"-19,97999999","-43,95861111",0.0,883.39,967.88,19.64,67.33,11.76
2022-09-26,"-19,97999999","-43,95861111",0.0,883.39,955.56,20.4,61.75,10.2
2022-09-27,"-19,97999999","-43,95861111",9.6,883.75,221.84,18.18,78.12,9.2
2022-09-28,"-19,97999999","-43,95861111",1.4,882.24,426.82,18.86,76.46,6.47
2022-09-29,"-19,97999999","-43,95861111",1.4,882.65,482.91,17.81,76.0,13.75
2022-09-30,"-19,97999999","-43,95861111",0.0,883.82,727.14,18.09,74.88,14.55
2022-10-01,"-19,97999999","-43,95861111",7.2,883.92,724.71,18.82,74.25,8.19
2022-10-02,"-19,97999999","-43,95861111",0.6,882.6,1016.34,21.78,60.79,9.91
2022-10-03,"-19,97999999","-43,95861111",5.6,881.6,769.62,21.03,63.08,9.56
2022-10-04,"-19,97999999","-43,95861111",45.6,880.76,633.61,18.88,72.83,9.67
2022-10-05,"-19,97999999","-43,95861111",2.0,881.33,1018.65,21.35,60.5,6.13
2022-10-06,"-19,97999999","-43,95861111",0.0,881.4,754.21,20.98,68.17,11.55
2022-10-07,"-19,97999999","-43,95861111",2.4,880.2,454.1,19.71,75.0,9.41
2022-10-08,"-19,97999999","-43,95861111",0.0,880.68,561.78,20.45,65.75,4.33
2022-10-09,"-19,97999999","-43,95861111",0.0,882.58,354.54,20.78,61.33,8.06
2022-10-10,"-19,97999999","-43,95861111",0.0,884.72,1095.23,22.3,60.38,11.57
2022-10-11,"-19,97999999","-43,95861111",0.0,885.8,1134.52,22.85,51.92,12.65
2022-10-12,"-19,97999999","-43,95861111",0.0,884.1,1250.68,23.67,40.61,10.7
2022-10-13,"-19,97999999","-43,95861111",0.0,884.34,1448.31,23.28,41.11,9.51
2022-10-14,"-19,97999999","-43,95861111",0.0,885.24,2011.11,25.22,42.08,8.45
2022-10-15,"-19,97999999","-43,95861111",0.0,886.52,2251.0,24.85,42.17,10.96
2022-10-16,"-19,97999999","-43,95861111",0.0,883.89,3073.36,24.0,36.5,9.16
2022-10-17,"-19,97999999","-43,95861111",0.0,882.76,2665.52,24.89,40.0,6.6
2022-10-18,"-19,97999999","-43,95861111",0.0,884.31,1702.18,23.54,45.0,9.99
2022-10-19,"-19,97999999","-43,95861111",33.0,883.9,931.06,21.04,60.08,11.14
2022-10-20,"-19,97999999","-43,95861111",2.4,881.46,868.27,19.94,71.71,11.15
2022-10-21,"-19,97999999","-43,95861111",0.0,879.88,731.78,20.15,68.21,10.66
2022-10-22,"-19,97999999","-43,95861111",28.8,880.47,587.22,20.08,73.04,6.57
2022-10-23,"-19,97999999","-43,95861111",22.4,881.98,557.52,19.22,76.83,10.25
2022-10-24,"-19,97999999","-43,95861111",15.4,881.93,852.19,19.4,72.75,9.14
2022-10-25,"-19,97999999","-43,95861111",4.8,881.1,1110.12,19.18,64.17,10.42
2022-10-26,"-19,97999999","-43,95861111",0.0,880.86,1115.2,20.75,62.29,12.18
2022-10-27,"-19,97999999","-43,95861111",0.0,881.17,1077.01,22.13,56.21,9.52
2022-10-28,"-19,97999999","-43,95861111",1.6,881.45,936.44,22.52,55.54,8.69
2022-10-29,"-19,97999999","-43,95861111",0.0,880.65,871.83,22.15,55.75,7.66
2022-10-30,"-19,97999999","-43,95861111",2.6,878.95,662.16,22.06,62.54,6.87
2022-10-31,"-19,97999999","-43,95861111",21.2,879.63,393.21,19.72,84.17,6.76
2022-11-01,"-19,97999999","-43,95861111",1.0,880.14,768.75,21.3,77.88,6.79
2022-11-02,"-19,97999999","-43,95861111",25.2,881.58,218.33,14.61,88.0,21.65
2022-11-03,"-19,97999999","-43,95861111",7.8,882.36,470.72,12.07,86.0,21.31
2022-11-04,"-19,97999999","-43,95861111",0.2,882.08,979.2,13.83,72.5,16.24
2022-11-05,"-19,97999999","-43,95861111",0.0,882.03,968.37,15.9,58.12,11.63
2022-11-06,"-19,97999999","-43,95861111",0.0,882.36,953.24,17.09,55.33,11.91
2022-11-07,"-19,97999999","-43,95861111",18.0,882.03,928.37,18.35,60.88,11.81
2022-11-08,"-19,97999999","-43,95861111",6.8,882.04,973.5,19.17,70.0,10.39
2022-11-09,"-19,97999999","-43,95861111",7.4,882.24,795.01,18.13,76.25,9.94
2022-11-10,"-19,97999999","-43,95861111",2.2,881.95,1078.16,20.76,64.75,9.57
2022-11-11,"-19,97999999","-43,95861111",5.2,881.06,819.41,21.55,66.0,9.75
2022-11-12,"-19,97999999","-43,95861111",7.0,880.66,745.92,19.47,72.58,7.88
2022-11-13,"-19,97999999","-43,95861111",0.0,880.17,996.94,22.7,62.21,5.41
2022-11-14,"-19,97999999","-43,95861111",33.0,880.47,669.54,20.72,75.67,9.14
2022-11-15,"-19,97999999","-43,95861111",15.0,881.91,402.0,19.28,85.21,5.33
2022-11-16,"-19,97999999","-43,95861111",23.0,881.32,525.57,19.2,83.46,8.41
2022-11-17,"-19,97999999","-43,95861111",0.2,881.15,1033.65,20.27,66.58,12.45
2022-11-18,"-19,97999999","-43,95861111",0.0,880.7,938.06,19.76,58.29,12.9
2022-11-19,"-19,97999999","-43,95861111",0.0,881.82,914.54,19.28,57.08,10.79
2022-11-20,"-19,97999999","-43,95861111",0.0,881.98,983.66,19.67,61.42,8.46
2022-11-21,"-19,97999999","-43,95861111",0.0,881.3,1222.19,20.92,57.08,9.44
2022-11-22,"-19,97999999","-43,95861111",0.0,881.18,890.68,20.43,65.5,10.26
2022-11-23,"-19,97999999","-43,95861111",25.2,880.05,494.72,19.44,76.58,8.83
2022-11-24,"-19,97999999","-43,95861111",1.4,878.45,491.22,18.44,79.88,7.79
2022-11-25,"-19,97999999","-43,95861111",0.0,878.21,914.72,19.12,61.54,10.05
2022-11-26,"-19,97999999","-43,95861111",23.8,878.71,872.38,18.53,77.38,12.42
2022-11-27,"-19,97999999","-43,95861111",4.8,878.55,889.66,19.41,75.04,10.15
2022-11-28,"-19,97999999","-43,95861111",12.6,875.72,982.64,20.86,68.25,8.88
2022-11-29,"-19,97999999","-43,95861111",18.4,873.76,823.94,19.8,69.71,7.96
2022-11-30,"-19,97999999","-43,95861111",21.4,874.36,972.32,20.0,71.33,10.06
2022-12-01,"-19,97999999","-43,95861111",1.6,877.4,859.69,20.28,74.21,10.14
2022-12-02,"-19,97999999","-43,95861111",0.0,879.89,897.76,21.09,73.58,11.27
2022-12-03,"-19,97999999","-43,95861111",0.2,881.22,631.38,19.7,78.29,10.03
2022-12-04,"-19,97999999","-43,95861111",3.4,880.42,747.04,19.42,76.67,8.2
2022-12-05,"-19,97999999","-43,95861111",0.4,881.48,597.92,19.16,77.33,9.02
2022-12-06,"-19,97999999","-43,95861111",13.8,883.42,217.14,17.47,82.83,5.59
2022-12-07,"-19,97999999","-43,95861111",40.6,881.23,370.91,18.56,86.5,4.9
2022-12-08,"-19,97999999","-43,95861111",2.6,877.85,946.89,20.96,73.29,5.54
2022-12-09,"-19,97999999","-43,95861111",0.0,877.88,1125.04,23.12,60.54,7.51
2022-12-10,"-19,97999999","-43,95861111",20.8,879.85,851.22,22.71,65.75,7.6
2022-12-11,"-19,97999999","-43,95861111",26.6,880.21,1022.81,21.08,73.54,8.3
2022-12-12,"-19,97999999","-43,95861111",35.6,877.85,738.85,21.6,76.33,7.32
2022-12-13,"-19,97999999","-43,95861111",42.8,876.02,325.58,19.6,87.04,8.49
2022-12-14,"-19,97999999","-43,95861111",0.6,877.3,538.94,18.18,79.5,12.06
2022-12-15,"-19,97999999","-43,95861111",0.0,879.16,907.12,17.89,76.58,12.06
2022-12-16,"-19,97999999","-43,95861111",0.0,877.41,719.26,18.84,70.67,8.64
2022-12-17,"-19,97999999","-43,95861111",38.8,876.55,583.48,19.72,78.62,5.53
2022-12-18,"-19,97999999","-43,95861111",0.0,878.95,958.05,19.97,76.33,10.22
2022-12-19,"-19,97999999","-43,95861111",5.8,879.8,343.62,18.23,88.0,13.74
2022-12-20,"-19,97999999","-43,95861111",37.8,878.4,195.37,18.39,90.0,9.32
2022-12-21,"-19,97999999","-43,95861111",74.4,876.85,654.88,19.63,82.38,6.94
2022-12-22,"-19,97999999","-43,95861111",3.2,877.99,642.19,18.71,77.29,11.82
2022-12-23,"-19,97999999","-43,95861111",0.2,880.07,1026.48,18.77,73.29,13.52
2022-12-24,"-19,97999999","-43,95861111",0.0,881.06,922.29,19.49,74.08,10.63
2022-12-25,"-19,97999999","-43,95861111",5.0,881.69,771.9,19.05,81.25,11.97
2022-12-26,"-19,97999999","-43,95861111",14.4,881.84,462.68,18.56,84.0,9.3
2022-12-27,"-19,97999999","-43,95861111",12.4,881.94,710.3,19.65,79.54,7.98
2022-12-28,"-19,97999999","-43,95861111",0.0,881.78,686.37,20.92,74.92,8.02
2022-12-29,"-19,97999999","-43,95861111",0.0,882.36,541.98,21.01,70.83,7.22
2022-12-30,"-19,97999999","-43,95861111",21.8,882.31,700.4,21.38,68.42,7.88
2022-12-31,"-19,97999999","-43,95861111",49.6,883.1,520.9,19.37,77.83,9.1
2022-01-01,"-2,52666666","-44,21361111",0.0,1005.38,981.48,24.19,96.29,2.04
2022-01-02,"-2,52666666","-44,21361111",0.0,1005.29,631.2,25.77,86.71,5.41
2022-01-03,"-2,52666666","-44,21361111",0.0,1005.23,276.43,25.52,89.58,3.82
2022-01-04,"-2,52666666","-44,21361111",0.0,1003.92,2129.51,25.72,86.46,3.12
2022-01-05,"-2,52666666","-44,21361111",0.0,1004.14,1269.02,25.19,92.88,3.87
2022-01-06,"-2,52666666","-44,21361111",0.0,1004.28,1258.7,25.89,86.96,4.42
2022-01-07,"-2,52666666","-44,21361111",0.0,1003.98,1191.55,26.87,82.5,4.73
2022-01-08,"-2,52666666","-44,21361111",0.0,1004.17,1629.34,26.52,83.88,4.7
2022-01-09,"-2,52666666","-44,21361111",0.0,1005.27,2164.8,25.89,88.42,3.33
2022-01-10,"-2,52666666","-44,21361111",0.0,1005.42,1229.36,24.86,91.42,3.77
2022-01-11,"-2,52666666","-44,21361111",0.0,1005.35,1269.02,25.35,87.58,4.32
2022-01-12,"-2,52666666","-44,21361111",0.0,1005.78,1269.02,25.78,83.29,4.57
2022-01-13,"-2,52666666","-44,21361111",0.0,1007.41,1269.02,26.38,84.12,3.13
2022-01-14,"-2,52666666","-44,21361111",0.0,1007.29,1269.02,26.57,83.0,4.67
2022-01-15,"-2,52666666","-44,21361111",0.0,1007.6,1269.02,25.03,91.21,4.69
2022-01-16,"-2,52666666","-44,21361111",0.0,1006.61,1269.02,25.34,84.92,4.54
2022-01-17,"-2,52666666","-44,21361111",0.0,1005.58,1269.02,26.08,88.42,4.09
2022-01-18,"-2,52666666","-44,21361111",0.0,1005.75,268.4,26.55,86.12,4.59
2022-01-19,"-2,52666666","-44,21361111",0.0,1006.95,1269.02,27.34,84.5,4.97
2022-01-20,"-2,52666666","-44,21361111",0.0,1005.89,1269.02,27.17,80.04,6.09
2022-01-21,"-2,52666666","-44,21361111",0.0,1004.12,1269.02,26.92,83.25,4.62
2022-01-22,"-2,52666666","-44,21361111",0.0,1003.97,1269.02,26.33,86.46,5.31
2022-01-23,"-2,52666666","-44,21361111",0.0,1003.88,1751.45,25.72,88.79,5.03
2022-01-24,"-2,52666666","-44,21361111",0.0,1004.3,1269.02,26.73,83.42,5.38
2022-01-25,"-2,52666666","-44,21361111",0.0,1004.43,1269.02,27.06,81.92,4.94
2022-01-26,"-2,52666666","-44,21361111",0.0,1003.72,1269.02,26.8,82.71,4.72
2022-01-27,"-2,52666666","-44,21361111",0.0,1004.25,901.1,24.53,92.96,4.21
2022-01-28,"-2,52666666","-44,21361111",0.0,1004.97,1269.02,24.42,88.25,5.05
2022-01-29,"-2,52666666","-44,21361111",0.0,1004.8,1269.02,24.56,88.96,4.32
2022-01-30,"-2,52666666","-44,21361111",0.0,1005.1,261.9,25.49,85.21,4.33
2022-01-31,"-2,52666666","-44,21361111",0.0,1004.62,1269.02,26.96,82.46,4.52
2022-02-01,"-2,52666666","-44,21361111",0.0,1004.66,1269.02,27.28,82.71,5.13
2022-02-02,"-2,52666666","-44,21361111",0.0,1005.39,1269.02,27.01,82.83,6.6
2022-02-03,"-2,52666666","-44,21361111",0.0,1004.6,1269.02,26.77,83.12,5.6
2022-02-04,"-2,52666666","-44,21361111",0.0,1004.63,1269.02,26.07,89.88,4.74
2022-02-05,"-2,52666666","-44,21361111",0.0,1004.7,1269.02,25.39,92.38,5.26
2022-02-06,"-2,52666666","-44,21361111",0.0,1004.8,87.6,25.64,89.0,4.48
2022-02-07,"-2,52666666","-44,21361111",0.0,1004.9,1269.02,25.85,89.17,4.18
2022-02-08,"-2,52666666","-44,21361111",0.0,1003.94,1269.02,26.32,85.42,4.49
2022-02-09,"-2,52666666","-44,21361111",0.0,1003.44,1269.02,26.34,85.58,5.34
2022-02-10,"-2,52666666","-44,21361111",0.0,1003.71,1269.02,25.56,88.5,5.41
2022-02-11,"-2,52666666","-44,21361111",0.0,1003.9,1269.02,26.23,83.71,4.96
2022-02-12,"-2,52666666","-44,21361111",0.0,1003.94,1269.02,27.0,79.96,5.77
2022-02-13,"-2,52666666","-44,21361111",0.0,1003.71,1269.02,26.78,83.08,5.73
2022-02-14,"-2,52666666","-44,21361111",0.0,1004.11,1269.02,25.48,89.21,4.95
2022-02-15,"-2,52666666","-44,21361111",0.0,1004.42,1269.02,26.52,85.83,4.58
2022-02-16,"-2,52666666","-44,21361111",0.0,1005.68,1269.02,26.34,83.17,6.08
2022-02-17,"-2,52666666","-44,21361111",0.0,1005.5,1269.02,26.07,84.96,3.99
2022-02-18,"-2,52666666","-44,21361111",0.0,1003.51,1269.02,26.43,81.54,4.44
2022-02-19,"-2,52666666","-44,21361111",0.0,1003.78,1269.02,26.18,86.08,4.81
2022-02-20,"-2,52666666","-44,21361111",0.0,1005.35,1269.02,25.89,89.04,3.28
2022-02-21,"-2,52666666","-44,21361111",0.0,1005.26,1269.02,26.7,81.25,5.54
2022-02-22,"-2,52666666","-44,21361111",0.0,1004.72,1269.02,27.68,79.62,5.95
2022-02-23,"-2,52666666","-44,21361111",0.0,1003.91,1269.02,27.94,76.08,7.27
2022-02-24,"-2,52666666","-44,21361111",0.0,1003.8,1269.02,27.83,79.67,4.95
2022-02-25,"-2,52666666","-44,21361111",0.0,1005.47,1269.02,26.35,87.04,5.36
2022-02-26,"-2,52666666","-44,21361111",0.0,1004.94,1269.02,27.54,80.96,6.19
2022-02-27,"-2,52666666","-44,21361111",0.0,1004.22,1269.02,27.23,82.96,5.01
2022-02-28,"-2,52666666","-44,21361111",0.0,1004.1,1269.02,26.16,88.79,3.6
2022-03-01,"-2,52666666","-44,21361111",0.0,1004.99,1269.02,25.65,89.46,4.22
2022-03-02,"-2,52666666","-44,21361111",0.0,1005.21,1269.02,25.81,88.0,3.5
2022-03-03,"-2,52666666","-44,21361111",0.0,1004.52,1269.02,25.94,90.54,4.17
2022-03-04,"-2,52666666","-44,21361111",0.0,1004.02,1269.02,25.26,88.21,5.01
2022-03-05,"-2,52666666","-44,21361111",0.0,1003.22,1269.02,25.14,92.38,4.27
2022-03-06,"-2,52666666","-44,21361111",0.0,1003.51,1269.02,24.8,93.83,3.02
2022-03-07,"-2,52666666","-44,21361111",0.0,1004.29,1269.02,24.0,94.33,2.26
2022-03-08,"-2,52666666","-44,21361111",0.0,1003.3,1269.02,25.53,85.96,4.05
2022-03-09,"-2,52666666","-44,21361111",0.0,1003.52,1269.02,25.82,86.46,5.16
2022-03-10,"-2,52666666","-44,21361111",0.0,1004.34,1269.02,24.8,91.71,3.03
2022-03-11,"-2,52666666","-44,21361111",0.0,1005.05,1269.02,24.82,88.58,3.95
2022-03-12,"-2,52666666","-44,21361111",0.0,1005.34,1269.02,25.02,87.29,4.8
2022-03-13,"-2,52666666","-44,21361111",0.0,1004.93,1269.02,25.73,87.67,3.89
2022-03-14,"-2,52666666","-44,21361111",0.0,1003.63,1269.02,25.73,89.58,4.63
2022-03-15,"-2,52666666","-44,21361111",0.0,1004.11,240.4,25.28,91.21,3.45
2022-03-16,"-2,52666666","-44,21361111",0.0,1006.0,1269.02,24.18,91.29,3.34
2022-03-17,"-2,52666666","-44,21361111",0.0,1004.89,1269.02,25.2,88.42,3.28
2022-03-18,"-2,52666666","-44,21361111",0.0,1004.65,1269.02,25.22,91.25,3.08
2022-03-19,"-2,52666666","-44,21361111",0.0,1005.45,1269.02,24.65,89.71,4.17
2022-03-20,"-2,52666666","-44,21361111",0.0,1004.55,1269.02,24.73,91.79,3.48
2022-03-21,"-2,52666666","-44,21361111",0.0,1003.66,1269.02,25.78,87.62,3.65
2022-03-22,"-2,52666666","-44,21361111",0.0,1004.37,1269.02,24.8,93.0,4.4
2022-03-23,"-2,52666666","-44,21361111",0.0,1004.97,1269.02,24.69,93.38,4.2
2022-03-24,"-2,52666666","-44,21361111",0.0,1005.0,1269.02,24.83,89.67,3.04
2022-03-25,"-2,52666666","-44,21361111",0.0,1003.9,1269.02,25.22,90.17,3.39
2022-03-26,"-2,52666666","-44,21361111",0.0,1003.57,1269.02,25.2,89.21,5.59
2022-03-27,"-2,52666666","-44,21361111",0.0,1003.73,1269.02,25.68,88.83,4.44
2022-03-28,"-2,52666666","-44,21361111",0.0,1004.79,1269.02,24.98,93.38,3.74
2022-03-29,"-2,52666666","-44,21361111",0.0,1004.37,1269.02,24.47,93.33,2.84
2022-03-30,"-2,52666666","-44,21361111",0.0,1003.54,1269.02,24.29,91.08,3.16
2022-03-31,"-2,52666666","-44,21361111",0.0,1004.79,563.07,24.45,90.38,3.24
2022-04-01,"-2,52666666","-44,21361111",0.0,1006.21,1950.19,25.02,89.46,3.5
2022-04-02,"-2,52666666","-44,21361111",0.4,1005.95,2772.24,25.57,88.71,4.69
2022-04-03,"-2,52666666","-44,21361111",11.2,1004.23,978.42,25.35,91.17,4.16
2022-04-04,"-2,52666666","-44,21361111",12.2,1004.89,707.92,24.55,93.75,4.09
2022-04-05,"-2,52666666","-44,21361111",16.2,1005.53,546.61,23.84,95.38,2.66
2022-04-06,"-2,52666666","-44,21361111",23.0,1004.76,1125.95,24.48,92.67,3.3
2022-04-07,"-2,52666666","-44,21361111",5.8,1004.69,1555.43,24.98,89.25,5.41
2022-04-08,"-2,52666666","-44,21361111",6.8,1005.59,812.04,24.28,93.54,3.77
2022-04-09,"-2,52666666","-44,21361111",2.8,1005.31,1075.99,24.5,92.22,3.73
2022-04-10,"-2,52666666","-44,21361111",33.8,1004.63,1246.3,24.4,90.75,4.91
2022-04-11,"-2,52666666","-44,21361111",2.4,1004.23,1151.51,24.78,90.42,3.56
2022-04-12,"-2,52666666","-44,21361111",1.4,1004.32,1751.66,25.5,86.88,4.08
2022-04-13,"-2,52666666","-44,21361111",0.0,1004.29,1332.06,26.07,83.25,4.92
2022-04-14,"-2,52666666","-44,21361111",0.0,1003.83,1699.9,25.92,84.0,4.68
2022-04-15,"-2,52666666","-44,21361111",14.6,1004.02,891.54,25.18,90.46,4.09
2022-04-16,"-2,52666666","-44,21361111",20.0,1004.63,1004.6,25.14,90.12,3.95
2022-04-17,"-2,52666666","-44,21361111",6.4,1004.6,745.57,24.58,93.42,2.85
2022-04-18,"-2,52666666","-44,21361111",10.4,1004.8,1149.78,24.78,90.33,3.2
2022-04-19,"-2,52666666","-44,21361111",18.0,1005.18,1293.82,24.83,90.13,2.85
2022-04-20,"-2,52666666","-44,21361111",30.0,1004.6,1047.48,24.85,91.88,3.46
2022-04-21,"-2,52666666","-44,21361111",0.2,1003.99,1787.53,25.92,85.75,3.73
2022-04-22,"-2,52666666","-44,21361111",0.6,1003.65,1191.02,25.47,88.92,3.86
2022-04-23,"-2,52666666","-44,21361111",14.8,1005.35,939.57,24.28,90.79,4.07
2022-04-24,"-2,52666666","-44,21361111",28.2,1006.26,1698.38,24.97,85.39,3.5
2022-04-25,"-2,52666666","-44,21361111",9.8,1004.46,1189.09,25.15,88.17,4.17
2022-04-26,"-2,52666666","-44,21361111",0.8,1003.72,1330.72,25.54,87.21,4.18
2022-04-27,"-2,52666666","-44,21361111",1.0,1004.08,1019.67,25.28,88.79,3.53
2022-04-28,"-2,52666666","-44,21361111",8.0,1005.25,1512.81,25.18,87.71,3.1
2022-04-29,"-2,52666666","-44,21361111",0.0,1005.19,1725.58,25.6,87.38,4.58
2022-04-30,"-2,52666666","-44,21361111",36.0,1005.29,1141.42,24.96,88.29,3.54
2022-05-01,"-2,52666666","-44,21361111",43.6,1004.95,918.68,24.86,91.0,2.37
2022-05-02,"-2,52666666","-44,21361111",3.4,1005.37,1097.18,25.23,90.33,2.68
2022-05-03,"-2,52666666","-44,21361111",32.6,1005.32,908.79,25.15,91.96,3.9
2022-05-04,"-2,52666666","-44,21361111",7.2,1005.79,1005.22,24.61,92.33,3.16
2022-05-05,"-2,52666666","-44,21361111",20.0,1006.36,1068.05,24.87,91.21,3.59
2022-05-06,"-2,52666666","-44,21361111",1.8,1006.17,1407.69,25.1,89.33,4.02
2022-05-07,"-2,52666666","-44,21361111",24.8,1006.6,1090.74,25.08,90.92,3.63
2022-05-08,"-2,52666666","-44,21361111",10.2,1005.96,1588.04,25.15,88.29,3.83
2022-05-09,"-2,52666666","-44,21361111",50.2,1006.57,851.29,24.33,91.46,2.88
2022-05-10,"-2,52666666","-44,21361111",3.4,1006.9,742.18,23.94,90.62,2.98
2022-05-11,"-2,52666666","-44,21361111",11.2,1006.26,1148.44,24.76,90.12,3.85
2022-05-12,"-2,52666666","-44,21361111",0.2,1005.45,1451.22,25.4,87.54,4.28
2022-05-13,"-2,52666666","-44,21361111",5.8,1005.87,1394.0,25.78,88.0,4.19
2022-05-14,"-2,52666666","-44,21361111",3.8,1005.07,1076.19,25.97,85.83,5.3
2022-05-15,"-2,52666666","-44,21361111",0.0,1004.9,1305.59,26.31,85.5,4.3
2022-05-16,"-2,52666666","-44,21361111",0.0,1005.63,1623.1,26.92,80.62,4.56
2022-05-17,"-2,52666666","-44,21361111",0.0,1005.86,1206.56,26.6,81.62,3.08
2022-05-18,"-2,52666666","-44,21361111",0.2,1005.31,847.78,26.37,86.58,2.82
2022-05-19,"-2,52666666","-44,21361111",1.4,1005.78,1297.57,26.41,86.25,4.17
2022-05-20,"-2,52666666","-44,21361111",17.0,1008.29,1212.43,25.42,87.54,3.51
2022-05-21,"-2,52666666","-44,21361111",11.0,1009.76,1318.1,25.21,88.0,3.36
2022-05-22,"-2,52666666","-44,21361111",23.4,1009.55,1296.79,24.66,88.25,4.02
2022-05-23,"-2,52666666","-44,21361111",4.4,1008.15,882.71,24.57,91.3,3.0
2022-05-24,"-2,52666666","-44,21361111",29.8,1008.13,831.74,24.23,92.38,3.07
2022-05-25,"-2,52666666","-44,21361111",0.2,1007.7,1709.09,26.19,83.33,4.57
2022-05-26,"-2,52666666","-44,21361111",0.0,1007.18,1517.73,26.29,82.08,3.71
2022-05-27,"-2,52666666","-44,21361111",16.4,1007.35,933.39,25.13,88.92,3.87
2022-05-28,"-2,52666666","-44,21361111",21.8,1006.0,1223.6,25.12,87.21,2.66
2022-05-29,"-2,52666666","-44,21361111",8.2,1005.45,1217.41,24.95,90.96,4.65
2022-05-30,"-2,52666666","-44,21361111",0.2,1004.32,1435.73,25.8,85.75,3.46
2022-05-31,"-2,52666666","-44,21361111",6.4,1003.96,1321.88,25.95,87.08,4.27
2022-06-01,"-2,52666666","-44,21361111",0.0,1004.18,1414.21,26.33,82.0,4.38
2022-06-02,"-2,52666666","-44,21361111",0.0,1004.91,1406.85,26.45,82.46,4.0
2022-06-03,"-2,52666666","-44,21361111",2.8,1006.0,1296.08,26.33,83.62,3.69
2022-06-04,"-2,52666666","-44,21361111",22.2,1006.38,1177.61,24.91,89.75,3.48
2022-06-05,"-2,52666666","-44,21361111",2.0,1005.9,1182.45,25.08,88.92,2.93
2022-06-06,"-2,52666666","-44,21361111",7.0,1005.74,1174.88,24.87,89.71,3.61
2022-06-07,"-2,52666666","-44,21361111",18.6,1005.96,1302.16,25.34,85.12,3.7
2022-06-08,"-2,52666666","-44,21361111",0.0,1005.66,1215.41,25.4,86.96,3.58
2022-06-09,"-2,52666666","-44,21361111",0.6,1005.74,1404.96,25.55,87.48,3.95
2022-06-10,"-2,52666666","-44,21361111",0.0,1005.61,1646.15,26.29,83.21,4.32
2022-06-11,"-2,52666666","-44,21361111",2.8,1006.04,1549.02,25.96,85.25,4.1
2022-06-12,"-2,52666666","-44,21361111",0.0,1006.62,1754.22,26.17,82.88,4.34
2022-06-13,"-2,52666666","-44,21361111",0.0,1007.35,1719.08,26.04,83.38,3.9
2022-06-14,"-2,52666666","-44,21361111",0.0,1007.24,1573.04,26.64,78.29,5.76
2022-06-15,"-2,52666666","-44,21361111",0.2,1007.21,1820.3,26.56,77.42,5.12
2022-06-16,"-2,52666666","-44,21361111",0.4,1006.65,1583.12,26.16,79.62,4.39
2022-06-17,"-2,52666666","-44,21361111",0.0,1005.86,1601.48,26.6,78.25,3.5
2022-06-18,"-2,52666666","-44,21361111",0.0,1006.79,1554.61,26.21,81.79,3.42
2022-06-19,"-2,52666666","-44,21361111",0.0,1006.62,1219.55,26.6,83.08,3.92
2022-06-20,"-2,52666666","-44,21361111",0.4,1006.38,1407.65,26.85,83.0,4.43
2022-06-21,"-2,52666666","-44,21361111",46.0,1006.08,1026.85,25.73,86.25,4.62
2022-06-22,"-2,52666666","-44,21361111",0.2,1006.0,1389.86,25.7,84.71,3.36
2022-06-23,"-2,52666666","-44,21361111",0.0,1006.22,1830.56,26.49,78.38,4.26
2022-06-24,"-2,52666666","-44,21361111",0.0,1006.28,1340.11,26.56,81.21,4.03
2022-06-25,"-2,52666666","-44,21361111",10.6,1005.82,1604.62,26.89,79.71,3.98
2022-06-26,"-2,52666666","-44,21361111",1.6,1005.55,831.38,26.35,85.79,2.91
2022-06-27,"-2,52666666","-44,21361111",17.8,1005.57,1050.93,25.77,87.79,3.19
2022-06-28,"-2,52666666","-44,21361111",2.6,1006.85,1320.29,25.85,88.17,3.23
2022-06-29,"-2,52666666","-44,21361111",0.0,1007.46,1426.87,26.86,81.67,3.75
2022-06-30,"-2,52666666","-44,21361111",0.0,1006.72,1623.5,26.88,81.58,4.85
2022-07-01,"-2,52666666","-44,21361111",0.0,1006.5,1593.82,26.55,82.96,4.99
2022-07-02,"-2,52666666","-44,21361111",1.0,1007.38,1350.85,26.86,83.12,4.95
2022-07-03,"-2,52666666","-44,21361111",6.8,1008.08,1155.79,26.46,83.54,5.05
2022-07-04,"-2,52666666","-44,21361111",1.0,1007.8,1494.28,26.41,82.0,4.35
2022-07-05,"-2,52666666","-44,21361111",0.2,1006.84,1371.61,26.46,79.29,4.52
2022-07-06,"-2,52666666","-44,21361111",0.0,1006.6,1233.38,26.65,80.08,3.18
2022-07-07,"-2,52666666","-44,21361111",3.4,1007.54,988.85,25.81,88.08,3.46
2022-07-08,"-2,52666666","-44,21361111",0.2,1008.71,1658.42,26.16,80.83,4.26
2022-07-09,"-2,52666666","-44,21361111",0.0,1007.89,1558.49,26.75,79.75,3.72
2022-07-10,"-2,52666666","-44,21361111",0.0,1006.52,1449.92,26.59,80.88,3.58
2022-07-11,"-2,52666666","-44,21361111",0.0,1005.68,1691.0,26.74,79.12,3.69
2022-07-12,"-2,52666666","-44,21361111",0.2,1006.29,714.1,25.74,86.92,2.72
2022-07-13,"-2,52666666","-44,21361111",0.0,1006.68,1190.51,26.37,85.54,4.42
2022-07-14,"-2,52666666","-44,21361111",3.6,1006.57,1368.72,26.84,82.25,5.35
2022-07-15,"-2,52666666","-44,21361111",5.0,1006.39,950.21,25.52,87.71,4.34
2022-07-16,"-2,52666666","-44,21361111",0.2,1005.85,1593.66,26.41,83.67,3.74
2022-07-17,"-2,52666666","-44,21361111",24.2,1006.91,1253.95,26.06,87.13,3.32
2022-07-18,"-2,52666666","-44,21361111",0.0,1007.29,1314.04,26.74,85.04,4.44
2022-07-19,"-2,52666666","-44,21361111",0.2,1007.51,1700.58,26.76,80.12,4.2
2022-07-20,"-2,52666666","-44,21361111",0.0,1006.05,1532.78,26.31,80.42,3.25
2022-07-21,"-2,52666666","-44,21361111",0.0,1005.88,1687.03,26.36,82.36,3.7
2022-07-22,"-2,52666666","-44,21361111",0.0,1005.7,1586.88,26.7,81.08,3.49
2022-07-23,"-2,52666666","-44,21361111",0.0,1005.35,1532.55,26.95,83.33,3.83
2022-07-24,"-2,52666666","-44,21361111",0.2,1005.44,1361.12,26.8,83.92,3.82
2022-07-25,"-2,52666666","-44,21361111",36.6,1005.86,1212.8,25.98,88.29,2.98
2022-07-26,"-2,52666666","-44,21361111",0.2,1006.62,1613.58,26.1,84.96,3.3
2022-07-27,"-2,52666666","-44,21361111",6.0,1006.97,1360.98,25.4,87.12,3.85
2022-07-28,"-2,52666666","-44,21361111",0.0,1006.12,1692.18,26.27,84.04,4.01
2022-07-29,"-2,52666666","-44,21361111",17.8,1006.53,1870.86,26.33,84.92,4.49
2022-07-30,"-2,52666666","-44,21361111",0.4,1007.06,1286.42,25.99,86.71,4.54
2022-07-31,"-2,52666666","-44,21361111",24.4,1007.37,902.93,25.53,89.5,4.63
2022-08-01,"-2,52666666","-44,21361111",13.8,1006.47,728.31,25.3,91.58,4.48
2022-08-02,"-2,52666666","-44,21361111",0.0,1005.61,1693.72,26.27,83.17,4.52
2022-08-03,"-2,52666666","-44,21361111",0.0,1005.6,1530.88,26.44,82.92,5.07
2022-08-04,"-2,52666666","-44,21361111",0.0,1005.54,1654.88,27.12,76.46,6.58
2022-08-05,"-2,52666666","-44,21361111",0.0,1005.88,1865.01,26.67,78.83,5.21
2022-08-06,"-2,52666666","-44,21361111",0.0,1005.33,1608.78,26.67,79.25,5.02
2022-08-07,"-2,52666666","-44,21361111",0.0,1005.54,1610.61,26.81,79.46,4.98
2022-08-08,"-2,52666666","-44,21361111",0.2,1005.79,1767.37,26.71,81.83,5.08
2022-08-09,"-2,52666666","-44,21361111",0.0,1006.94,1707.92,26.8,80.96,5.33
2022-08-10,"-2,52666666","-44,21361111",0.0,1007.65,1608.55,26.91,80.3,6.07
2022-08-11,"-2,52666666","-44,21361111",0.0,1007.28,1768.18,26.96,78.25,6.11
2022-08-12,"-2,52666666","-44,21361111",0.0,1008.23,1575.12,26.66,79.21,6.09
2022-08-13,"-2,52666666","-44,21361111",0.0,1008.41,1635.28,26.93,76.42,7.5
2022-08-14,"-2,52666666","-44,21361111",0.0,1007.83,1719.21,27.25,76.33,5.16
2022-08-15,"-2,52666666","-44,21361111",0.0,1006.3,1588.56,26.6,80.0,3.86
2022-08-16,"-2,52666666","-44,21361111",0.2,1006.28,1691.92,26.19,81.62,3.53
2022-08-17,"-2,52666666","-44,21361111",0.0,1005.95,1587.68,26.37,80.5,4.78
2022-08-18,"-2,52666666","-44,21361111",0.2,1006.12,1769.62,26.75,80.04,5.35
2022-08-19,"-2,52666666","-44,21361111",0.0,1007.22,1705.43,26.53,82.46,5.1
2022-08-20,"-2,52666666","-44,21361111",23.0,1006.34,1292.8,25.98,84.25,4.43
2022-08-21,"-2,52666666","-44,21361111",0.2,1006.77,1662.98,26.08,81.0,4.2
2022-08-22,"-2,52666666","-44,21361111",0.0,1006.69,1429.2,26.08,81.62,4.47
2022-08-23,"-2,52666666","-44,21361111",0.2,1006.79,1478.22,26.45,83.75,4.74
2022-08-24,"-2,52666666","-44,21361111",11.4,1007.65,1248.83,25.96,86.54,5.07
2022-08-25,"-2,52666666","-44,21361111",54.0,1008.21,918.08,24.9,89.62,4.68
2022-08-26,"-2,52666666","-44,21361111",0.0,1007.67,1733.52,26.25,82.46,4.77
2022-08-27,"-2,52666666","-44,21361111",0.2,1006.4,1538.02,25.99,82.46,4.33
2022-08-28,"-2,52666666","-44,21361111",0.0,1006.4,1746.48,26.52,80.54,5.33
2022-08-29,"-2,52666666","-44,21361111",0.0,1006.47,1752.13,26.6,81.12,5.65
2022-08-30,"-2,52666666","-44,21361111",0.0,1006.27,1511.32,26.52,82.25,5.66
2022-08-31,"-2,52666666","-44,21361111",1.6,1006.72,1129.87,26.47,84.71,4.87
2022-09-01,"-2,52666666","-44,21361111",0.2,1005.7,1605.33,26.49,81.54,4.61
2022-09-02,"-2,52666666","-44,21361111",0.0,1006.1,1722.73,26.55,82.33,4.73
2022-09-03,"-2,52666666","-44,21361111",0.0,1006.89,1723.72,26.66,80.21,6.13
2022-09-04,"-2,52666666","-44,21361111",0.0,1006.59,2087.21,27.12,79.12,6.56
2022-09-05,"-2,52666666","-44,21361111",0.0,1007.36,1840.4,27.56,77.71,7.18
2022-09-06,"-2,52666666","-44,21361111",0.0,1007.98,1667.84,27.51,77.12,7.42
2022-09-07,"-2,52666666","-44,21361111",0.0,1007.45,1693.28,27.3,76.58,6.72
2022-09-08,"-2,52666666","-44,21361111",0.0,1006.43,1830.02,26.97,76.75,6.81
2022-09-09,"-2,52666666","-44,21361111",0.0,1006.78,1932.39,26.86,76.62,6.63
2022-09-10,"-2,52666666","-44,21361111",0.0,1007.89,1556.73,26.52,78.42,6.1
2022-09-11,"-2,52666666","-44,21361111",0.0,1006.92,1885.82,26.51,79.5,5.71
2022-09-12,"-2,52666666","-44,21361111",0.0,1005.9,1547.85,26.91,78.54,6.94
2022-09-13,"-2,52666666","-44,21361111",0.0,1005.4,1637.64,27.05,76.67,7.59
2022-09-14,"-2,52666666","-44,21361111",0.0,1006.5,1668.56,27.09,78.08,7.38
2022-09-15,"-2,52666666","-44,21361111",0.0,1006.62,1548.78,26.96,77.04,7.33
2022-09-16,"-2,52666666","-44,21361111",0.0,1006.6,1544.96,27.0,75.38,7.25
2022-09-17,"-2,52666666","-44,21361111",0.0,1005.89,1644.12,26.88,76.38,7.31
2022-09-18,"-2,52666666","-44,21361111",0.2,1005.48,1092.63,26.72,76.29,7.94
2022-09-19,"-2,52666666","-44,21361111",0.0,1005.08,1301.62,26.89,78.21,6.31
2022-09-20,"-2,52666666","-44,21361111",0.0,1004.86,1500.85,27.22,76.62,7.33
2022-09-21,"-2,52666666","-44,21361111",0.0,1005.15,1394.9,27.08,75.29,8.0
2022-09-22,"-2,52666666","-44,21361111",0.0,1005.73,1749.85,26.98,72.79,7.88
2022-09-23,"-2,52666666","-44,21361111",0.0,1006.09,1482.09,26.74,75.75,6.26
2022-09-24,"-2,52666666","-44,21361111",0.0,1005.69,1616.27,27.3,76.21,6.84
2022-09-25,"-2,52666666","-44,21361111",0.0,1005.65,1626.36,27.27,74.83,7.17
2022-09-26,"-2,52666666","-44,21361111",0.0,1006.33,1755.11,27.08,72.71,7.3
2022-09-27,"-2,52666666","-44,21361111",0.0,1006.22,1664.85,27.28,76.5,6.59
2022-09-28,"-2,52666666","-44,21361111",0.0,1005.45,1550.98,27.15,77.21,7.23
2022-09-29,"-2,52666666","-44,21361111",0.0,1005.42,1498.14,27.12,75.88,7.27
2022-09-30,"-2,52666666","-44,21361111",0.0,1005.71,1746.02,27.1,74.79,7.19
2022-10-01,"-2,52666666","-44,21361111",0.0,1006.25,1601.82,27.12,77.5,6.46
2022-10-02,"-2,52666666","-44,21361111",0.0,1006.42,1557.25,27.55,74.96,7.1
2022-10-03,"-2,52666666","-44,21361111",0.0,1006.8,1598.2,27.22,76.04,7.5
2022-10-04,"-2,52666666","-44,21361111",0.0,1005.71,1823.55,27.16,74.12,7.0
2022-10-05,"-2,52666666","-44,21361111",0.0,1004.68,1680.95,26.82,76.88,7.38
2022-10-06,"-2,52666666","-44,21361111",0.0,1005.08,1661.53,27.61,71.38,8.8
2022-10-07,"-2,52666666","-44,21361111",0.0,1005.42,1929.73,27.57,73.12,8.76
2022-10-08,"-2,52666666","-44,21361111",0.0,1004.3,1942.95,27.27,76.96,6.17
2022-10-09,"-2,52666666","-44,21361111",0.0,1004.33,1467.59,27.42,77.67,6.95
2022-10-10,"-2,52666666","-44,21361111",0.0,1005.88,1672.08,27.93,72.29,8.87
2022-10-11,"-2,52666666","-44,21361111",0.0,1006.02,1670.98,27.35,76.42,6.0
2022-10-12,"-2,52666666","-44,21361111",0.0,1004.26,1736.74,27.38,77.0,6.53
2022-10-13,"-2,52666666","-44,21361111",0.0,1004.68,1816.18,27.89,74.96,7.88
2022-10-14,"-2,52666666","-44,21361111",0.0,1006.13,1600.46,27.59,74.88,8.49
2022-10-15,"-2,52666666","-44,21361111",0.0,1005.67,1681.81,27.47,74.5,7.42
2022-10-16,"-2,52666666","-44,21361111",0.0,1004.24,1449.7,27.26,75.83,7.01
2022-10-17,"-2,52666666","-44,21361111",0.0,1004.0,1794.85,27.87,73.08,8.06
2022-10-18,"-2,52666666","-44,21361111",0.0,1005.53,1681.02,27.96,71.62,9.42
2022-10-19,"-2,52666666","-44,21361111",0.0,1005.97,1710.32,27.84,72.71,9.14
2022-10-20,"-2,52666666","-44,21361111",0.0,1004.64,1699.18,27.59,75.08,7.93
2022-10-21,"-2,52666666","-44,21361111",0.0,1003.38,1516.75,27.53,76.17,7.6
2022-10-22,"-2,52666666","-44,21361111",0.0,1004.59,972.89,27.2,75.67,8.23
2022-10-23,"-2,52666666","-44,21361111",0.0,1005.61,1146.98,27.52,77.12,7.18
2022-10-24,"-2,52666666","-44,21361111",0.0,1004.72,1236.29,27.52,76.17,7.5
2022-10-25,"-2,52666666","-44,21361111",0.0,1004.06,1099.7,27.28,76.46,7.46
2022-10-26,"-2,52666666","-44,21361111",0.0,1004.74,1290.58,27.18,75.12,6.15
2022-10-27,"-2,52666666","-44,21361111",0.0,1005.0,1787.25,27.52,73.67,6.85
2022-10-28,"-2,52666666","-44,21361111",0.0,1004.44,1786.11,27.92,71.88,8.23
2022-10-29,"-2,52666666","-44,21361111",0.0,1002.81,1877.92,28.05,72.46,7.28
2022-10-30,"-2,52666666","-44,21361111",0.0,1002.3,1814.9,28.22,71.17,8.58
2022-10-31,"-2,52666666","-44,21361111",0.0,1003.9,1932.37,27.73,73.04,7.3
2022-11-01,"-2,52666666","-44,21361111",0.0,1005.09,1542.72,27.66,75.46,7.67
2022-11-02,"-2,52666666","-44,21361111",0.0,1005.57,1528.8,26.63,81.42,3.78
2022-11-03,"-2,52666666","-44,21361111",0.6,1005.07,1038.89,26.68,82.96,5.53
2022-11-04,"-2,52666666","-44,21361111",0.0,1005.19,1081.03,27.1,78.17,6.24
2022-11-05,"-2,52666666","-44,21361111",3.0,1005.54,1474.18,26.74,80.17,4.72
2022-11-06,"-2,52666666","-44,21361111",7.4,1005.77,932.92,26.43,84.96,3.73
2022-11-07,"-2,52666666","-44,21361111",10.8,1006.2,790.65,25.1,91.42,3.82
2022-11-08,"-2,52666666","-44,21361111",0.2,1006.36,902.29,25.59,85.29,5.01
2022-11-09,"-2,52666666","-44,21361111",0.0,1007.09,1859.9,26.25,79.0,4.78
2022-11-10,"-2,52666666","-44,21361111",0.0,1005.76,1913.68,26.82,79.08,5.42
2022-11-11,"-2,52666666","-44,21361111",0.0,1004.75,1549.62,27.14,78.29,6.02
2022-11-12,"-2,52666666","-44,21361111",0.0,1004.12,1311.68,26.7,80.42,5.61
2022-11-13,"-2,52666666","-44,21361111",0.0,1004.22,1544.43,27.21,78.67,6.04
2022-11-14,"-2,52666666","-44,21361111",1.2,1005.62,1007.05,26.98,80.21,7.06
2022-11-15,"-2,52666666","-44,21361111",1.2,1005.97,1608.62,27.22,77.12,7.83
2022-11-16,"-2,52666666","-44,21361111",0.0,1005.0,1509.72,26.75,77.58,6.12
2022-11-17,"-2,52666666","-44,21361111",0.0,1004.51,1445.92,26.68,79.92,5.49
2022-11-18,"-2,52666666","-44,21361111",0.0,1004.68,1284.4,27.15,76.83,6.91
2022-11-19,"-2,52666666","-44,21361111",4.2,1005.21,1750.02,27.08,77.42,6.68
2022-11-20,"-2,52666666","-44,21361111",0.0,1004.55,1454.45,26.9,78.54,5.15
2022-11-21,"-2,52666666","-44,21361111",0.6,1003.63,1352.15,27.0,80.62,5.66
2022-11-22,"-2,52666666","-44,21361111",0.0,1002.98,1506.56,27.72,75.38,6.5
2022-11-23,"-2,52666666","-44,21361111",0.0,1002.91,1442.02,27.6,76.33,6.97
2022-11-24,"-2,52666666","-44,21361111",0.0,1002.98,1739.88,27.6,74.0,7.28
2022-11-25,"-2,52666666","-44,21361111",0.0,1004.61,1741.65,27.5,75.62,6.55
2022-11-26,"-2,52666666","-44,21361111",0.0,1005.3,1560.56,26.94,78.96,5.55
2022-11-27,"-2,52666666","-44,21361111",0.0,1004.55,1621.03,27.23,78.21,5.74
2022-11-28,"-2,52666666","-44,21361111",0.0,1002.6,1596.2,27.12,76.83,6.06
2022-11-29,"-2,52666666","-44,21361111",0.0,1000.99,1578.72,27.09,77.12,5.82
2022-11-30,"-2,52666666","-44,21361111",0.0,1001.54,1286.13,26.48,82.58,3.68
2022-12-01,"-2,52666666","-44,21361111",0.0,1002.48,1438.61,27.51,76.96,6.22
2022-12-02,"-2,52666666","-44,21361111",0.0,1002.38,1725.88,28.04,73.38,8.52
2022-12-03,"-2,52666666","-44,21361111",0.0,1002.4,1719.9,28.02,69.92,7.4
2022-12-04,"-2,52666666","-44,21361111",0.0,1001.98,1357.52,26.87,78.33,5.55
2022-12-05,"-2,52666666","-44,21361111",0.0,1003.33,1587.25,27.6,76.88,6.62
2022-12-06,"-2,52666666","-44,21361111",0.0,1005.16,1416.13,27.98,72.25,7.54
2022-12-07,"-2,52666666","-44,21361111",0.0,1004.65,1896.38,27.8,73.88,6.05
2022-12-08,"-2,52666666","-44,21361111",0.0,1003.17,1761.29,27.72,77.58,6.61
2022-12-09,"-2,52666666","-44,21361111",0.0,1004.42,1762.85,28.03,72.75,7.45
2022-12-10,"-2,52666666","-44,21361111",0.0,1004.96,1738.76,27.82,74.42,6.7
2022-12-11,"-2,52666666","-44,21361111",0.0,1005.04,1552.42,27.8,75.88,7.01
2022-12-12,"-2,52666666","-44,21361111",0.0,1004.64,1491.78,27.77,73.25,7.94
2022-12-13,"-2,52666666","-44,21361111",0.0,1004.46,1877.2,27.54,73.42,6.84
2022-12-14,"-2,52666666","-44,21361111",0.0,1004.32,1790.87,27.68,75.46,6.48
2022-12-15,"-2,52666666","-44,21361111",0.0,1004.68,1221.33,27.17,79.46,5.22
2022-12-16,"-2,52666666","-44,21361111",0.6,1003.54,1005.75,26.77,78.08,6.1
2022-12-17,"-2,52666666","-44,21361111",0.0,1002.55,1384.48,27.44,75.25,6.3
2022-12-18,"-2,52666666","-44,21361111",0.0,1003.45,1351.66,27.67,76.42,6.07
2022-12-19,"-2,52666666","-44,21361111",0.0,1004.72,1002.34,27.17,76.08,6.72
2022-12-20,"-2,52666666","-44,21361111",0.0,1005.04,1603.44,27.48,74.58,5.97
2022-12-21,"-2,52666666","-44,21361111",0.2,1004.69,1202.78,26.73,79.58,5.34
2022-12-22,"-2,52666666","-44,21361111",0.0,1004.06,1241.4,27.28,78.33,6.66
2022-12-23,"-2,52666666","-44,21361111",82.6,1006.22,405.7,24.4,92.92,3.55
2022-12-24,"-2,52666666","-44,21361111",0.0,1005.33,1432.92,25.86,83.79,4.69
2022-12-25,"-2,52666666","-44,21361111",0.0,1004.27,1364.71,27.15,78.5,6.42
2022-12-26,"-2,52666666","-44,21361111",0.0,1004.33,1641.44,27.28,77.12,6.11
2022-12-27,"-2,52666666","-44,21361111",0.0,1004.92,1565.89,27.15,78.21,5.38
2022-12-28,"-2,52666666","-44,21361111",1.0,1005.72,1113.32,26.87,82.58,5.81
2022-12-29,"-2,52666666","-44,21361111",3.0,1006.39,1267.65,26.25,88.12,4.57
2022-12-30,"-2,52666666","-44,21361111",0.0,1005.81,1070.47,26.59,82.46,5.54
2022-12-31,"-2,52666666","-44,21361111",0.2,1005.22,1342.08,26.82,83.08,5.02
2022-09-19,"-9,67972221","-68,16527777",0.0,988.25,257.6,30.75,60.0,2.05
2022-09-20,"-9,67972221","-68,16527777",0.0,990.48,490.62,28.48,68.88,3.63
2022-09-21,"-9,67972221","-68,16527777",0.0,990.1,970.34,28.41,65.92,3.65
2022-09-22,"-9,67972221","-68,16527777",0.0,989.86,873.28,29.61,62.17,2.75
2022-09-23,"-9,67972221","-68,16527777",0.4,994.06,407.87,24.75,73.58,4.72
2022-09-24,"-9,67972221","-68,16527777",0.0,994.32,743.49,24.41,65.71,2.98
2022-09-25,"-9,67972221","-68,16527777",0.0,991.3,990.81,27.61,66.21,2.45
2022-09-26,"-9,67972221","-68,16527777",0.0,990.71,1008.89,29.84,57.71,2.81
2022-09-27,"-9,67972221","-68,16527777",0.0,990.81,941.96,29.68,58.29,2.84
2022-09-28,"-9,67972221","-68,16527777",0.0,990.17,888.65,29.6,58.92,3.38
2022-09-29,"-9,67972221","-68,16527777",6.4,991.74,160.12,25.1,78.0,4.21
2022-09-30,"-9,67972221","-68,16527777",0.2,994.98,734.55,23.0,75.67,5.14
2022-10-01,"-9,67972221","-68,16527777",0.0,995.26,1012.05,25.74,68.42,3.08
2022-10-02,"-9,67972221","-68,16527777",1.4,995.2,824.93,26.81,68.75,2.28
2022-10-03,"-9,67972221","-68,16527777",12.0,993.75,978.11,27.31,73.79,2.54
2022-10-04,"-9,67972221","-68,16527777",0.0,991.44,942.05,28.01,68.17,3.23
2022-10-05,"-9,67972221","-68,16527777",0.8,989.67,609.15,26.68,74.62,3.71
2022-10-06,"-9,67972221","-68,16527777",18.4,989.65,915.76,26.9,75.25,3.9
2022-10-07,"-9,67972221","-68,16527777",15.8,991.44,670.42,25.7,80.5,3.08
2022-10-08,"-9,67972221","-68,16527777",1.6,992.35,900.53,25.41,78.58,3.15
2022-10-09,"-9,67972221","-68,16527777",2.4,990.93,772.29,26.7,77.54,2.17
2022-10-10,"-9,67972221","-68,16527777",0.0,991.94,1027.96,28.01,71.96,2.66
2022-10-11,"-9,67972221","-68,16527777",0.0,993.05,637.22,26.69,76.08,3.0
2022-10-12,"-9,67972221","-68,16527777",66.0,992.56,662.05,25.47,81.29,3.75
2022-10-13,"-9,67972221","-68,16527777",1.2,991.11,794.98,25.77,81.58,3.16
2022-10-14,"-9,67972221","-68,16527777",33.6,993.55,425.58,24.16,86.58,3.52
2022-10-15,"-9,67972221","-68,16527777",0.0,994.53,994.69,26.34,76.79,4.2
2022-10-16,"-9,67972221","-68,16527777",12.6,992.85,375.11,25.09,86.08,1.88
2022-10-17,"-9,67972221","-68,16527777",3.6,991.83,832.8,26.06,79.92,2.68
2022-10-18,"-9,67972221","-68,16527777",6.0,992.13,594.35,25.78,84.75,2.72
2022-10-19,"-9,67972221","-68,16527777",0.2,992.72,915.55,26.31,79.38,1.77
2022-10-20,"-9,67972221","-68,16527777",10.2,991.31,389.15,26.02,83.71,3.11
2022-10-21,"-9,67972221","-68,16527777",0.0,990.05,896.03,26.9,79.08,2.21
2022-10-22,"-9,67972221","-68,16527777",0.0,990.98,670.05,26.18,78.83,4.12
2022-10-23,"-9,67972221","-68,16527777",17.8,993.28,704.6,25.26,84.21,2.56
2022-10-24,"-9,67972221","-68,16527777",0.0,992.81,845.45,26.29,82.58,2.27
2022-10-25,"-9,67972221","-68,16527777",1.2,991.47,945.73,27.19,78.75,3.44
2022-10-26,"-9,67972221","-68,16527777",0.0,989.22,873.29,27.65,78.79,2.92
2022-10-27,"-9,67972221","-68,16527777",0.4,988.12,855.93,27.84,77.33,2.45
2022-10-28,"-9,67972221","-68,16527777",25.0,990.65,437.85,24.7,85.33,3.46
2022-10-29,"-9,67972221","-68,16527777",0.0,990.8,1035.58,25.73,77.92,2.84
2022-10-30,"-9,67972221","-68,16527777",0.0,988.72,935.03,27.74,73.33,3.65
2022-10-31,"-9,67972221","-68,16527777",0.0,989.02,920.19,28.82,68.21,3.14
2022-11-01,"-9,67972221","-68,16527777",5.2,997.55,400.16,19.47,74.58,6.66
2022-11-02,"-9,67972221","-68,16527777",0.2,1000.4,958.27,20.9,57.17,4.94
2022-11-03,"-9,67972221","-68,16527777",0.0,998.27,1089.64,22.25,51.62,3.91
2022-11-04,"-9,67972221","-68,16527777",0.0,996.23,1076.63,22.17,60.62,2.7
2022-11-05,"-9,67972221","-68,16527777",0.0,993.89,1054.2,23.02,63.96,1.7
2022-11-06,"-9,67972221","-68,16527777",0.0,993.37,1048.02,24.7,64.29,1.71
2022-11-07,"-9,67972221","-68,16527777",0.0,992.89,1029.11,26.35,66.12,1.52
2022-11-08,"-9,67972221","-68,16527777",0.0,992.12,952.68,27.76,65.92,1.33
2022-11-09,"-9,67972221","-68,16527777",0.0,990.94,866.73,28.3,70.0,1.58
2022-11-10,"-9,67972221","-68,16527777",0.8,990.4,709.35,27.57,73.33,2.93
2022-11-11,"-9,67972221","-68,16527777",2.8,991.69,511.15,25.2,84.5,2.52
2022-11-12,"-9,67972221","-68,16527777",0.0,990.52,912.52,26.87,74.08,3.09
2022-11-13,"-9,67972221","-68,16527777",0.0,988.65,970.72,29.17,65.38,3.77
2022-11-14,"-9,67972221","-68,16527777",32.2,989.58,535.05,27.43,76.83,3.35
2022-11-15,"-9,67972221","-68,16527777",67.8,992.3,710.17,26.02,86.92,3.3
2022-11-16,"-9,67972221","-68,16527777",1.2,994.32,686.74,26.08,83.92,2.77
2022-11-17,"-9,67972221","-68,16527777",0.0,992.0,698.6,26.41,81.29,2.33
2022-11-18,"-9,67972221","-68,16527777",0.2,991.48,846.18,26.7,80.04,2.55
2022-11-19,"-9,67972221","-68,16527777",29.2,990.49,924.33,27.36,78.75,3.21
2022-11-20,"-9,67972221","-68,16527777",0.0,988.69,811.57,27.56,77.54,3.33
2022-11-21,"-9,67972221","-68,16527777",0.2,987.8,802.88,27.09,79.42,3.81
2022-11-22,"-9,67972221","-68,16527777",21.6,990.88,395.42,24.58,86.83,3.78
2022-11-23,"-9,67972221","-68,16527777",3.4,991.89,473.27,24.72,85.92,1.44
2022-11-24,"-9,67972221","-68,16527777",0.0,991.14,648.41,26.18,82.42,1.77
2022-11-25,"-9,67972221","-68,16527777",6.0,991.68,396.47,24.54,87.62,1.77
2022-11-26,"-9,67972221","-68,16527777",0.0,991.83,999.0,26.71,79.5,1.9
2022-11-27,"-9,67972221","-68,16527777",0.0,991.75,782.08,26.7,77.12,2.09
2022-11-28,"-9,67972221","-68,16527777",0.6,989.15,977.08,26.51,78.71,1.79
2022-11-29,"-9,67972221","-68,16527777",0.0,986.84,1043.62,27.91,73.83,3.39
2022-11-30,"-9,67972221","-68,16527777",0.0,985.49,1000.55,28.38,72.33,3.69
2022-12-01,"-9,67972221","-68,16527777",0.6,985.1,608.02,27.87,75.46,4.02
2022-12-02,"-9,67972221","-68,16527777",140.4,988.74,79.98,22.96,92.08,3.56
2022-12-03,"-9,67972221","-68,16527777",1.0,991.48,875.5,23.91,83.5,2.87
2022-12-04,"-9,67972221","-68,16527777",0.0,988.98,1049.82,26.42,75.21,2.43
2022-12-05,"-9,67972221","-68,16527777",35.0,988.55,740.34,25.48,81.71,2.5
2022-12-06,"-9,67972221","-68,16527777",0.6,990.05,1052.83,25.34,78.25,2.92
2022-12-07,"-9,67972221","-68,16527777",0.0,991.8,550.17,25.65,81.08,1.98
2022-12-08,"-9,67972221","-68,16527777",0.0,990.62,915.8,26.44,78.25,2.83
2022-12-09,"-9,67972221","-68,16527777",0.0,990.12,938.11,27.39,77.79,2.99
2022-12-10,"-9,67972221","-68,16527777",0.6,990.66,987.23,27.58,76.62,3.22
2022-12-11,"-9,67972221","-68,16527777",45.0,991.41,336.25,25.9,85.75,2.62
2022-12-12,"-9,67972221","-68,16527777",24.4,991.65,648.38,24.1,87.46,2.59
2022-12-13,"-9,67972221","-68,16527777",0.2,991.49,909.05,25.99,81.62,1.77
2022-12-14,"-9,67972221","-68,16527777",0.0,991.11,1053.22,27.76,74.29,2.85
2022-12-15,"-9,67972221","-68,16527777",0.0,990.09,792.88,28.02,74.54,3.5
2022-12-16,"-9,67972221","-68,16527777",50.6,990.72,346.03,24.68,88.83,2.62
2022-12-17,"-9,67972221","-68,16527777",12.0,990.0,861.42,25.2,84.5,3.3
2022-12-18,"-9,67972221","-68,16527777",0.0,989.05,1003.6,26.8,75.58,4.04
2022-12-19,"-9,67972221","-68,16527777",0.0,991.5,688.06,26.57,78.12,3.22
2022-12-20,"-9,67972221","-68,16527777",49.8,993.02,214.26,24.1,89.5,2.4
2022-12-21,"-9,67972221","-68,16527777",1.4,993.23,743.42,25.03,84.62,2.12
2022-12-22,"-9,67972221","-68,16527777",9.6,991.9,830.02,25.89,81.96,2.84
2022-12-23,"-9,67972221","-68,16527777",0.2,991.08,989.84,27.38,78.46,3.35
2022-12-24,"-9,67972221","-68,16527777",0.0,988.92,914.16,27.94,75.42,4.5
2022-12-25,"-9,67972221","-68,16527777",23.0,990.9,129.34,24.13,87.58,3.29
2022-12-26,"-9,67972221","-68,16527777",0.0,993.21,522.38,23.42,87.08,1.97
2022-12-27,"-9,67972221","-68,16527777",0.2,992.03,1050.7,25.87,78.5,2.84
2022-12-28,"-9,67972221","-68,16527777",0.0,991.82,910.01,26.41,76.04,3.17
2022-12-29,"-9,67972221","-68,16527777",0.0,992.32,758.48,26.89,78.46,2.91
2022-12-30,"-9,67972221","-68,16527777",59.4,993.68,314.14,23.85,88.71,2.98
2022-12-31,"-9,67972221","-68,16527777",0.4,992.48,856.01,25.1,84.0,2.26
2022-01-01,"-5,83722221","-35,20805555",0.0,1005.74,2104.37,29.47,69.1,10.08
2022-01-02,"-5,83722221","-35,20805555",0.0,1006.45,2124.88,29.61,70.64,9.13
2022-01-03,"-5,83722221","-35,20805555",0.0,1006.75,1916.9,29.54,71.1,8.82
2022-01-04,"-5,83722221","-35,20805555",0.0,1004.52,2373.21,29.62,68.4,9.68
2022-01-05,"-5,83722221","-35,20805555",0.0,1005.31,1764.27,28.66,71.45,7.42
2022-01-06,"-5,83722221","-35,20805555",0.0,1005.53,2279.43,29.51,69.6,8.07
2022-01-07,"-5,83722221","-35,20805555",0.0,1006.08,2321.68,29.79,67.6,7.5
2022-01-08,"-5,83722221","-35,20805555",0.0,1005.27,2235.84,29.44,68.4,8.09
2022-01-09,"-5,83722221","-35,20805555",0.0,1006.08,2514.77,29.83,67.3,9.2
2022-01-10,"-5,83722221","-35,20805555",0.0,1005.7,2388.43,29.33,73.1,8.15
2022-01-11,"-5,83722221","-35,20805555",0.0,1006.26,1715.65,28.42,71.9,7.17
2022-01-12,"-5,83722221","-35,20805555",0.0,1006.52,2292.23,29.04,73.7,6.23
2022-01-13,"-5,83722221","-35,20805555",0.0,1008.32,2459.08,29.81,69.6,6.23
2022-01-14,"-5,83722221","-35,20805555",0.0,1008.49,2419.4,28.75,74.75,6.26
2022-01-15,"-5,83722221","-35,20805555",0.0,1007.65,1344.97,27.59,79.0,5.66
2022-01-16,"-5,83722221","-35,20805555",0.0,1006.95,2508.17,28.82,72.8,7.45
2022-01-17,"-5,83722221","-35,20805555",0.0,1007.05,2457.38,29.51,70.2,9.33
2022-01-18,"-5,83722221","-35,20805555",0.0,1007.5,2222.64,29.01,75.8,8.68
2022-01-19,"-5,83722221","-35,20805555",0.0,1008.04,2378.01,29.39,67.9,8.71
2022-01-20,"-5,83722221","-35,20805555",0.0,1007.14,2507.72,29.6,67.5,7.9
2022-01-21,"-5,83722221","-35,20805555",0.0,1004.89,2558.41,29.43,68.5,7.23
2022-01-22,"-5,83722221","-35,20805555",0.0,1005.48,2490.13,29.63,67.4,6.97
2022-01-23,"-5,83722221","-35,20805555",0.0,1005.84,2427.28,29.98,64.1,7.11
2022-01-24,"-5,83722221","-35,20805555",0.0,1005.74,2434.47,29.95,65.7,7.64
2022-01-25,"-5,83722221","-35,20805555",0.0,1006.05,1758.51,28.6,73.4,6.88
2022-01-26,"-5,83722221","-35,20805555",0.0,1005.13,2501.94,29.66,68.78,9.9
2022-01-27,"-5,83722221","-35,20805555",0.0,1004.38,1540.3,26.6,81.62,6.64
2022-01-28,"-5,83722221","-35,20805555",0.0,1004.81,1683.31,28.26,74.71,4.09
2022-01-29,"-5,83722221","-35,20805555",0.0,1006.02,1912.81,27.25,75.12,5.06
2022-01-30,"-5,83722221","-35,20805555",0.0,1006.86,2218.11,29.7,71.8,8.69
2022-01-31,"-5,83722221","-35,20805555",0.0,1005.91,2213.0,29.43,69.5,9.61
2022-02-01,"-5,83722221","-35,20805555",0.0,1006.66,2366.81,30.05,68.0,9.7
2022-02-02,"-5,83722221","-35,20805555",0.0,1006.7,2368.82,29.64,70.3,8.67
2022-02-03,"-5,83722221","-35,20805555",0.0,1005.99,2401.12,29.71,70.2,8.36
2022-02-04,"-5,83722221","-35,20805555",0.0,1005.89,2446.28,29.76,66.89,8.88
2022-02-05,"-5,83722221","-35,20805555",0.0,1005.74,2556.31,29.47,64.7,8.18
2022-02-06,"-5,83722221","-35,20805555",0.0,1006.28,2556.13,29.58,63.3,7.67
2022-02-07,"-5,83722221","-35,20805555",0.0,1005.92,2737.61,29.62,66.44,7.98
2022-02-08,"-5,83722221","-35,20805555",0.0,1005.32,2576.07,29.63,63.4,8.06
2022-02-09,"-5,83722221","-35,20805555",0.0,1004.34,2551.59,29.63,66.0,7.32
2022-02-10,"-5,83722221","-35,20805555",0.0,1004.92,2550.46,29.72,66.8,7.05
2022-02-11,"-5,83722221","-35,20805555",0.0,1005.01,2103.72,29.36,73.44,7.62
2022-02-12,"-5,83722221","-35,20805555",0.0,1004.96,2377.89,29.71,75.12,7.38
2022-02-13,"-5,83722221","-35,20805555",0.0,1005.59,2207.89,29.59,71.6,7.78
2022-02-14,"-5,83722221","-35,20805555",0.0,1005.46,2112.73,29.33,72.8,8.64
2022-02-15,"-5,83722221","-35,20805555",0.0,1006.1,2329.2,29.78,68.4,8.04
2022-02-16,"-5,83722221","-35,20805555",0.0,1006.44,2440.74,30.29,65.5,7.29
2022-02-17,"-5,83722221","-35,20805555",0.0,1005.92,2565.36,29.74,66.9,7.12
2022-02-18,"-5,83722221","-35,20805555",0.0,1004.89,1194.59,27.71,82.88,6.83
2022-02-19,"-5,83722221","-35,20805555",0.0,1005.23,2321.88,29.71,72.4,6.76
2022-02-20,"-5,83722221","-35,20805555",0.0,1006.88,1869.19,29.25,72.3,8.31
2022-02-21,"-5,83722221","-35,20805555",0.0,1007.17,2386.61,29.31,71.4,7.89
2022-02-22,"-5,83722221","-35,20805555",0.0,1006.73,2530.91,29.91,66.4,8.07
2022-02-23,"-5,83722221","-35,20805555",0.0,1006.19,2372.86,29.68,69.9,8.1
2022-02-24,"-5,83722221","-35,20805555",0.0,1005.74,2337.1,29.75,70.6,9.49
2022-02-25,"-5,83722221","-35,20805555",0.0,1006.81,2437.09,29.87,68.2,9.99
2022-02-26,"-5,83722221","-35,20805555",0.0,1006.9,2263.84,29.56,68.3,8.56
2022-02-27,"-5,83722221","-35,20805555",0.0,1005.6,2438.36,29.82,66.1,9.42
2022-02-28,"-5,83722221","-35,20805555",0.0,1005.61,2547.82,29.87,68.1,9.14
2022-03-01,"-5,83722221","-35,20805555",0.0,1005.87,2514.72,30.14,64.7,11.16
2022-03-02,"-5,83722221","-35,20805555",0.0,1006.03,2308.05,29.38,74.5,6.47
2022-03-03,"-5,83722221","-35,20805555",0.0,1005.15,2449.82,29.73,71.8,7.02
2022-03-04,"-5,83722221","-35,20805555",0.0,1004.3,2035.57,29.58,71.9,7.06
2022-03-05,"-5,83722221","-35,20805555",0.0,1004.11,2112.42,27.67,82.6,7.6
2022-03-06,"-5,83722221","-35,20805555",0.0,1003.57,1947.98,28.2,79.89,10.18
2022-03-07,"-5,83722221","-35,20805555",0.0,1003.97,1765.91,28.34,72.9,9.16
2022-03-08,"-5,83722221","-35,20805555",0.0,1004.54,2499.82,29.37,70.5,7.9
2022-03-09,"-5,83722221","-35,20805555",0.0,1004.44,2152.3,29.49,74.3,8.59
2022-03-10,"-5,83722221","-35,20805555",0.0,1003.89,2290.05,29.66,71.8,10.5
2022-03-11,"-5,83722221","-35,20805555",0.0,1004.78,2460.16,29.35,69.0,8.31
2022-03-12,"-5,83722221","-35,20805555",0.0,1005.27,2196.18,28.27,81.0,6.39
2022-03-13,"-5,83722221","-35,20805555",0.0,1006.04,2088.95,27.74,80.8,5.54
2022-03-14,"-5,83722221","-35,20805555",0.0,1004.17,2090.99,28.93,77.2,7.37
2022-03-15,"-5,83722221","-35,20805555",0.0,1004.48,2346.63,29.21,76.3,6.57
2022-03-16,"-5,83722221","-35,20805555",0.0,1005.77,1303.13,27.14,87.0,5.95
2022-03-17,"-5,83722221","-35,20805555",0.0,1005.79,2101.4,28.55,78.27,7.17
2022-03-18,"-5,83722221","-35,20805555",0.0,1005.63,2094.36,29.15,74.0,9.15
2022-03-19,"-5,83722221","-35,20805555",0.0,1005.97,946.52,25.6,87.11,6.83
2022-03-20,"-5,83722221","-35,20805555",0.0,1005.34,1252.61,27.83,81.09,6.51
2022-03-21,"-5,83722221","-35,20805555",0.0,1004.42,1409.78,27.58,85.0,6.99
2022-03-22,"-5,83722221","-35,20805555",0.0,1005.07,2020.66,28.09,83.9,7.42
2022-03-23,"-5,83722221","-35,20805555",0.0,1005.4,2522.24,29.16,77.6,7.7
2022-03-24,"-5,83722221","-35,20805555",0.0,1005.48,1682.58,28.07,81.2,6.26
2022-03-25,"-5,83722221","-35,20805555",0.0,1004.48,2216.72,28.56,78.4,8.32
2022-03-26,"-5,83722221","-35,20805555",0.0,1004.27,873.97,26.7,90.33,3.4
2022-03-27,"-5,83722221","-35,20805555",0.0,1004.25,3133.95,29.1,77.0,7.9
2022-03-28,"-5,83722221","-35,20805555",0.0,1005.25,2450.02,29.92,74.75,8.93
2022-03-29,"-5,83722221","-35,20805555",0.0,1004.98,1862.3,29.16,76.0,8.74
2022-03-30,"-5,83722221","-35,20805555",0.0,1002.88,2705.98,30.1,70.25,10.1
2022-03-31,"-5,83722221","-35,20805555",0.0,1005.2,2826.65,29.7,71.5,6.15
2022-04-01,"-5,83722221","-35,20805555",0.0,1005.94,2127.8,29.64,70.8,9.3
2022-04-02,"-5,83722221","-35,20805555",0.0,1006.66,1279.16,27.3,87.8,6.04
2022-04-03,"-5,83722221","-35,20805555",0.0,1005.64,1054.88,26.82,85.62,8.77
2022-04-04,"-5,83722221","-35,20805555",0.0,1005.2,2287.78,28.89,70.11,9.48
2022-04-05,"-5,83722221","-35,20805555",0.0,1005.91,2037.56,28.38,77.0,8.44
2022-04-06,"-5,83722221","-35,20805555",0.0,1005.61,2107.48,28.16,76.5,8.18
2022-04-07,"-5,83722221","-35,20805555",0.0,1005.85,2366.36,29.33,74.6,7.69
2022-04-08,"-5,83722221","-35,20805555",0.0,1006.63,2125.8,29.01,76.1,8.35
2022-04-09,"-5,83722221","-35,20805555",0.0,1005.46,2173.2,29.24,75.0,9.89
2022-04-10,"-5,83722221","-35,20805555",0.0,1004.11,2273.47,29.0,77.1,7.33
2022-04-11,"-5,83722221","-35,20805555",0.0,1004.95,2031.62,29.0,73.1,7.91
2022-04-12,"-5,83722221","-35,20805555",0.0,1004.91,2246.88,28.78,72.0,8.4
2022-04-13,"-5,83722221","-35,20805555",0.0,1005.12,2177.37,28.88,71.55,5.94
2022-04-14,"-5,83722221","-35,20805555",0.0,1004.97,2265.97,29.15,74.1,6.36
2022-04-15,"-5,83722221","-35,20805555",0.0,1004.43,2070.7,29.46,73.45,6.44
2022-04-16,"-5,83722221","-35,20805555",0.0,1005.19,2161.09,30.1,72.9,6.67
2022-04-17,"-5,83722221","-35,20805555",0.0,1004.7,1902.34,28.65,82.64,6.36
2022-04-18,"-5,83722221","-35,20805555",0.0,1005.41,1775.03,28.7,75.6,6.64
2022-04-19,"-5,83722221","-35,20805555",0.0,1005.52,2167.54,28.83,71.91,8.06
2022-04-20,"-5,83722221","-35,20805555",0.0,1005.39,2136.05,28.85,74.64,8.15
2022-04-21,"-5,83722221","-35,20805555",0.0,1005.01,2133.28,28.49,77.09,8.1
2022-04-22,"-5,83722221","-35,20805555",0.0,1004.31,2189.48,28.55,78.2,7.33
2022-04-23,"-5,83722221","-35,20805555",0.0,1006.24,612.4,25.3,90.4,6.28
2022-04-24,"-5,83722221","-35,20805555",0.0,1006.37,1670.86,27.88,81.6,8.49
2022-04-25,"-5,83722221","-35,20805555",0.0,1005.9,1781.89,28.17,78.0,6.58
2022-04-26,"-5,83722221","-35,20805555",0.0,1005.32,1514.2,27.16,79.29,9.48
2022-04-27,"-5,83722221","-35,20805555",0.0,1005.15,1357.99,26.85,81.42,8.03
2022-04-28,"-5,83722221","-35,20805555",0.0,1006.09,1532.03,26.68,85.71,8.28
2022-04-29,"-5,83722221","-35,20805555",0.0,1005.93,1586.32,27.38,77.71,7.63
2022-04-30,"-5,83722221","-35,20805555",0.0,1006.37,1664.86,26.98,76.17,7.84
2022-05-01,"-5,83722221","-35,20805555",0.0,1006.58,1154.69,27.28,79.96,8.68
2022-05-02,"-5,83722221","-35,20805555",0.0,1006.36,1651.59,27.28,86.54,7.4
2022-05-03,"-5,83722221","-35,20805555",0.0,1006.15,1554.36,28.12,82.25,8.17
2022-05-04,"-5,83722221","-35,20805555",0.0,1006.41,844.18,27.11,84.54,7.8
2022-05-05,"-5,83722221","-35,20805555",0.0,1007.19,854.26,26.26,90.04,6.93
2022-05-06,"-5,83722221","-35,20805555",0.0,1007.68,749.25,26.29,86.12,7.66
2022-05-07,"-5,83722221","-35,20805555",0.0,1007.93,768.16,25.6,88.96,6.44
2022-05-08,"-5,83722221","-35,20805555",0.0,1006.8,1273.12,26.57,84.35,8.3
2022-05-09,"-5,83722221","-35,20805555",0.0,1006.26,1603.82,27.76,74.36,10.6
2022-05-10,"-5,83722221","-35,20805555",0.0,1007.02,1153.35,26.02,84.08,6.12
2022-05-11,"-5,83722221","-35,20805555",0.0,1006.87,733.74,26.22,86.0,6.38
2022-05-12,"-5,83722221","-35,20805555",0.0,1006.67,1256.09,26.39,86.42,6.02
2022-05-13,"-5,83722221","-35,20805555",0.0,1007.29,539.38,25.7,90.58,7.24
2022-05-14,"-5,83722221","-35,20805555",0.0,1006.96,1221.65,26.2,89.08,6.65
2022-05-15,"-5,83722221","-35,20805555",0.0,1006.39,1542.84,26.79,87.54,7.09
2022-05-16,"-5,83722221","-35,20805555",0.0,1007.33,1239.81,26.73,88.79,6.35
2022-05-17,"-5,83722221","-35,20805555",0.0,1006.97,1613.53,27.84,83.67,6.74
2022-05-18,"-5,83722221","-35,20805555",0.0,1005.76,1488.23,27.92,80.62,5.69
2022-05-19,"-5,83722221","-35,20805555",0.0,1005.6,1634.94,27.99,80.46,4.9
2022-05-20,"-5,83722221","-35,20805555",0.0,1008.33,1677.87,27.78,83.67,4.66
2022-05-21,"-5,83722221","-35,20805555",0.0,1010.18,1782.0,27.51,80.25,7.47
2022-05-22,"-5,83722221","-35,20805555",0.0,1009.68,838.9,26.06,86.58,8.27
2022-05-23,"-5,83722221","-35,20805555",0.0,1008.72,421.94,24.38,90.75,8.67
2022-05-24,"-5,83722221","-35,20805555",0.0,1008.46,989.41,25.11,90.17,6.29
2022-05-25,"-5,83722221","-35,20805555",0.0,1009.32,1022.07,25.1,88.08,4.99
2022-05-26,"-5,83722221","-35,20805555",0.0,1008.6,1627.02,26.29,82.92,8.07
2022-05-27,"-5,83722221","-35,20805555",0.0,1007.8,873.19,25.54,88.75,7.57
2022-05-28,"-5,83722221","-35,20805555",0.0,1007.28,680.78,24.78,92.33,4.64
2022-05-29,"-5,83722221","-35,20805555",0.0,1006.85,1525.73,25.26,85.33,5.46
2022-05-30,"-5,83722221","-35,20805555",0.0,1005.49,1460.37,25.82,88.25,5.39
2022-05-31,"-5,83722221","-35,20805555",0.0,1005.18,1265.58,25.76,92.04,4.55
2022-06-01,"-5,83722221","-35,20805555",0.0,1005.02,986.82,25.95,89.75,6.91
2022-06-02,"-5,83722221","-35,20805555",0.0,1005.51,883.81,25.29,90.12,5.83
2022-06-03,"-5,83722221","-35,20805555",0.0,1006.83,647.01,24.77,91.46,3.86
2022-06-04,"-5,83722221","-35,20805555",0.0,1006.99,1146.85,24.97,90.58,4.05
2022-06-05,"-5,83722221","-35,20805555",0.0,1007.54,470.84,24.31,92.17,5.69
2022-06-06,"-5,83722221","-35,20805555",0.0,1006.4,1583.67,26.04,82.08,7.72
2022-06-07,"-5,83722221","-35,20805555",0.0,1006.63,1684.52,25.42,85.17,6.12
2022-06-08,"-5,83722221","-35,20805555",0.0,1006.84,1497.84,26.0,84.42,5.24
2022-06-09,"-5,83722221","-35,20805555",25.6,1007.72,935.33,25.12,90.5,5.76
2022-06-10,"-5,83722221","-35,20805555",2.6,1007.25,1116.98,25.4,88.54,5.91
2022-06-11,"-5,83722221","-35,20805555",7.2,1007.08,1420.53,26.22,87.62,4.31
2022-06-12,"-5,83722221","-35,20805555",0.0,1007.97,1502.91,26.02,85.38,5.31
2022-06-13,"-5,83722221","-35,20805555",0.0,1008.63,1504.36,26.28,82.29,6.62
2022-06-14,"-5,83722221","-35,20805555",0.0,1009.23,1541.64,26.19,74.62,6.75
2022-06-15,"-5,83722221","-35,20805555",0.0,1008.78,1504.25,26.0,76.0,6.2
2022-06-16,"-5,83722221","-35,20805555",0.0,1007.96,1603.09,25.61,79.83,5.48
2022-06-17,"-5,83722221","-35,20805555",0.0,1007.11,1530.02,25.27,80.33,6.54
2022-06-18,"-5,83722221","-35,20805555",0.0,1008.45,1554.22,25.89,80.12,5.48
2022-06-19,"-5,83722221","-35,20805555",0.0,1008.58,1548.75,26.42,81.62,6.7
2022-06-20,"-5,83722221","-35,20805555",17.8,1008.1,452.2,24.84,88.79,6.92
2022-06-21,"-5,83722221","-35,20805555",1.0,1007.44,1298.18,26.04,80.0,8.12
2022-06-22,"-5,83722221","-35,20805555",42.4,1007.12,346.93,23.22,92.75,7.33
2022-06-23,"-5,83722221","-35,20805555",0.8,1007.93,1221.97,24.7,87.12,7.41
2022-06-24,"-5,83722221","-35,20805555",8.2,1007.51,1120.53,25.06,88.42,8.17
2022-06-25,"-5,83722221","-35,20805555",1.6,1007.1,1322.09,25.07,80.04,7.67
2022-06-26,"-5,83722221","-35,20805555",0.0,1006.77,1548.08,25.86,78.75,7.29
2022-06-27,"-5,83722221","-35,20805555",0.2,1007.23,1081.44,25.41,79.83,9.72
2022-06-28,"-5,83722221","-35,20805555",1.6,1008.75,547.38,24.68,83.62,8.29
2022-06-29,"-5,83722221","-35,20805555",42.8,1009.56,399.69,23.4,90.92,6.13
2022-06-30,"-5,83722221","-35,20805555",0.0,1008.4,1532.99,25.05,83.46,7.4
2022-07-01,"-5,83722221","-35,20805555",0.0,1007.9,1383.2,25.7,84.42,5.69
2022-07-02,"-5,83722221","-35,20805555",57.8,1009.35,1146.76,25.49,90.17,7.09
2022-07-03,"-5,83722221","-35,20805555",161.8,1010.45,244.58,23.13,94.83,8.22
2022-07-04,"-5,83722221","-35,20805555",35.4,1009.22,1243.85,24.81,90.42,6.06
2022-07-05,"-5,83722221","-35,20805555",34.2,1008.05,939.28,25.34,79.75,9.21
2022-07-06,"-5,83722221","-35,20805555",1.2,1008.02,1299.75,25.15,84.62,8.5
2022-07-07,"-5,83722221","-35,20805555",40.6,1009.64,744.08,24.64,92.75,7.73
2022-07-08,"-5,83722221","-35,20805555",61.2,1010.67,383.48,23.32,95.29,8.02
2022-07-09,"-5,83722221","-35,20805555",1.8,1009.92,1283.77,24.78,85.58,8.49
2022-07-10,"-5,83722221","-35,20805555",2.8,1008.26,1156.36,25.59,82.38,9.99
2022-07-11,"-5,83722221","-35,20805555",0.0,1007.17,1048.35,24.71,83.21,9.08
2022-07-12,"-5,83722221","-35,20805555",0.0,1007.95,1542.92,25.65,82.21,8.07
2022-07-13,"-5,83722221","-35,20805555",2.6,1008.98,1402.41,25.24,85.25,7.87
2022-07-14,"-5,83722221","-35,20805555",0.6,1008.77,857.52,24.62,84.04,8.68
2022-07-15,"-5,83722221","-35,20805555",0.8,1008.12,880.08,24.7,81.29,9.25
2022-07-16,"-5,83722221","-35,20805555",15.2,1007.86,952.47,24.54,87.0,9.02
2022-07-17,"-5,83722221","-35,20805555",49.0,1009.38,798.24,24.59,90.96,9.8
2022-07-18,"-5,83722221","-35,20805555",1.6,1010.0,1315.99,24.19,85.17,7.7
2022-07-19,"-5,83722221","-35,20805555",14.2,1009.02,895.56,24.62,85.71,9.97
2022-07-20,"-5,83722221","-35,20805555",0.0,1007.34,1642.66,24.68,80.67,8.62
2022-07-21,"-5,83722221","-35,20805555",13.6,1007.24,1113.1,24.21,90.12,6.21
2022-07-22,"-5,83722221","-35,20805555",10.8,1007.63,1312.77,24.5,85.62,8.93
2022-07-23,"-5,83722221","-35,20805555",0.0,1007.49,1363.19,25.24,80.62,9.48
2022-07-24,"-5,83722221","-35,20805555",5.0,1007.89,919.81,24.6,86.38,9.92
2022-07-25,"-5,83722221","-35,20805555",0.0,1008.42,1407.4,24.68,73.0,9.42
2022-07-26,"-5,83722221","-35,20805555",0.0,1008.64,1668.16,24.57,77.88,8.62
2022-07-27,"-5,83722221","-35,20805555",0.0,1008.98,1377.21,24.88,80.83,7.74
2022-07-28,"-5,83722221","-35,20805555",0.0,1008.01,1632.92,25.1,79.5,8.68
2022-07-29,"-5,83722221","-35,20805555",0.2,1008.1,997.02,24.74,88.17,7.31
2022-07-30,"-5,83722221","-35,20805555",4.4,1009.2,850.87,24.97,90.08,6.48
2022-07-31,"-5,83722221","-35,20805555",9.4,1009.37,892.33,24.57,90.12,7.18
2022-08-01,"-5,83722221","-35,20805555",0.6,1008.66,1436.68,25.7,80.67,8.79
2022-08-02,"-5,83722221","-35,20805555",1.0,1007.79,1077.52,24.7,83.0,5.89
2022-08-03,"-5,83722221","-35,20805555",15.2,1007.63,1299.3,25.03,89.83,4.14
2022-08-04,"-5,83722221","-35,20805555",37.8,1007.62,1166.21,25.26,88.17,7.05
2022-08-05,"-5,83722221","-35,20805555",4.6,1007.93,1422.53,25.07,84.04,8.12
2022-08-06,"-5,83722221","-35,20805555",5.6,1007.93,1464.59,24.78,84.46,8.24
2022-08-07,"-5,83722221","-35,20805555",13.2,1008.09,1600.86,25.33,82.79,7.57
2022-08-08,"-5,83722221","-35,20805555",0.0,1008.58,1677.26,25.2,78.88,8.87
2022-08-09,"-5,83722221","-35,20805555",9.4,1009.58,1582.1,25.22,83.33,7.69
2022-08-10,"-5,83722221","-35,20805555",0.0,1010.08,1723.07,25.39,78.04,7.6
2022-08-11,"-5,83722221","-35,20805555",0.0,1009.25,1678.0,25.36,82.58,6.58
2022-08-12,"-5,83722221","-35,20805555",0.0,1010.35,1674.62,26.46,80.96,8.07
2022-08-13,"-5,83722221","-35,20805555",0.0,1011.3,1683.12,26.66,72.21,11.31
2022-08-14,"-5,83722221","-35,20805555",3.4,1010.41,1460.94,24.86,76.33,10.03
2022-08-15,"-5,83722221","-35,20805555",0.0,1009.15,1791.15,24.78,72.54,8.98
2022-08-16,"-5,83722221","-35,20805555",0.0,1008.81,1787.96,24.92,73.04,8.95
2022-08-17,"-5,83722221","-35,20805555",3.8,1008.76,1557.04,24.28,82.04,9.19
2022-08-18,"-5,83722221","-35,20805555",0.2,1008.55,1764.36,24.59,80.33,9.71
2022-08-19,"-5,83722221","-35,20805555",0.0,1009.3,1821.27,24.77,74.88,9.71
2022-08-20,"-5,83722221","-35,20805555",0.0,1009.05,1780.31,24.68,75.38,11.11
2022-08-21,"-5,83722221","-35,20805555",0.0,1009.42,1833.25,25.06,73.83,9.64
2022-08-22,"-5,83722221","-35,20805555",0.4,1009.08,1131.92,24.58,83.54,9.14
2022-08-23,"-5,83722221","-35,20805555",50.0,1009.52,199.29,22.7,95.38,8.04
2022-08-24,"-5,83722221","-35,20805555",12.0,1009.85,1115.12,24.53,84.92,9.65
2022-08-25,"-5,83722221","-35,20805555",0.0,1010.47,1803.26,24.7,75.54,10.02
2022-08-26,"-5,83722221","-35,20805555",0.0,1010.42,1768.51,24.75,75.79,10.0
2022-08-27,"-5,83722221","-35,20805555",5.6,1009.3,977.7,24.09,84.96,8.15
2022-08-28,"-5,83722221","-35,20805555",0.2,1008.86,1757.91,24.85,83.58,8.88
2022-08-29,"-5,83722221","-35,20805555",0.0,1008.82,1725.22,25.4,79.88,9.29
2022-08-30,"-5,83722221","-35,20805555",0.0,1008.72,1717.02,25.19,77.17,10.97
2022-08-31,"-5,83722221","-35,20805555",0.0,1009.38,1742.69,25.0,73.04,11.22
2022-09-01,"-5,83722221","-35,20805555",0.0,1008.69,1672.91,24.88,77.42,10.42
2022-09-02,"-5,83722221","-35,20805555",0.2,1009.04,1642.73,24.94,82.12,9.55
2022-09-03,"-5,83722221","-35,20805555",1.6,1009.78,1485.8,25.03,81.92,9.1
2022-09-04,"-5,83722221","-35,20805555",8.6,1009.74,957.86,24.13,90.12,9.54
2022-09-05,"-5,83722221","-35,20805555",2.6,1010.75,1208.85,24.22,86.0,9.78
2022-09-06,"-5,83722221","-35,20805555",19.6,1011.06,1760.03,24.66,85.79,9.43
2022-09-07,"-5,83722221","-35,20805555",1.0,1010.56,1861.17,24.7,79.17,10.62
2022-09-08,"-5,83722221","-35,20805555",0.0,1009.35,1914.18,24.5,77.71,8.65
2022-09-09,"-5,83722221","-35,20805555",0.0,1009.53,1911.94,25.55,74.46,8.41
2022-09-10,"-5,83722221","-35,20805555",0.0,1010.05,1919.82,25.27,78.04,8.2
2022-09-11,"-5,83722221","-35,20805555",0.0,1009.45,1849.4,25.59,77.71,8.26
2022-09-12,"-5,83722221","-35,20805555",0.0,1008.57,1911.75,26.15,74.88,9.82
2022-09-13,"-5,83722221","-35,20805555",0.2,1007.81,1480.51,25.66,80.04,8.7
2022-09-14,"-5,83722221","-35,20805555",1.4,1008.58,1924.06,25.66,83.71,7.51
2022-09-15,"-5,83722221","-35,20805555",0.2,1009.1,1958.82,26.46,75.42,7.94
2022-09-16,"-5,83722221","-35,20805555",0.0,1008.96,1930.58,26.39,74.92,7.82
2022-09-17,"-5,83722221","-35,20805555",0.0,1008.05,1864.34,25.77,78.83,7.69
2022-09-18,"-5,83722221","-35,20805555",0.2,1007.68,1620.93,25.98,81.83,8.53
2022-09-19,"-5,83722221","-35,20805555",0.8,1007.69,1840.92,26.29,73.71,9.48
2022-09-20,"-5,83722221","-35,20805555",0.0,1007.65,1946.87,26.11,75.29,9.2
2022-09-21,"-5,83722221","-35,20805555",0.0,1007.31,1831.48,26.6,77.04,8.1
2022-09-22,"-5,83722221","-35,20805555",0.0,1007.55,1884.4,26.77,75.96,7.52
2022-09-23,"-5,83722221","-35,20805555",0.0,1007.45,1769.48,26.71,79.04,7.44
2022-09-24,"-5,83722221","-35,20805555",0.0,1007.54,1940.73,26.8,75.0,7.84
2022-09-25,"-5,83722221","-35,20805555",0.0,1008.16,1893.92,26.7,74.46,7.98
2022-09-26,"-5,83722221","-35,20805555",6.0,1008.55,1426.62,26.15,77.08,9.68
2022-09-27,"-5,83722221","-35,20805555",0.0,1008.68,1710.85,26.14,74.25,10.35
2022-09-28,"-5,83722221","-35,20805555",0.0,1008.01,2007.92,26.01,72.67,9.31
2022-09-29,"-5,83722221","-35,20805555",0.0,1007.8,1956.13,26.68,72.75,8.63
2022-09-30,"-5,83722221","-35,20805555",0.0,1008.2,1909.83,26.64,75.79,9.58
2022-10-01,"-5,83722221","-35,20805555",0.0,1008.68,1886.26,26.35,76.54,10.2
2022-10-02,"-5,83722221","-35,20805555",0.0,1009.22,2085.39,26.23,74.33,8.26
2022-10-03,"-5,83722221","-35,20805555",0.0,1008.86,1989.94,26.21,74.0,8.43
2022-10-04,"-5,83722221","-35,20805555",0.0,1007.84,1903.78,26.62,72.42,9.3
2022-10-05,"-5,83722221","-35,20805555",0.0,1007.28,1925.53,26.44,78.38,8.51
2022-10-06,"-5,83722221","-35,20805555",0.0,1007.69,1864.5,27.0,79.25,6.42
2022-10-07,"-5,83722221","-35,20805555",5.2,1007.06,1825.12,27.02,81.04,8.25
2022-10-08,"-5,83722221","-35,20805555",0.0,1006.03,1630.59,26.68,78.0,9.44
2022-10-09,"-5,83722221","-35,20805555",1.8,1006.71,1355.38,26.39,83.33,9.0
2022-10-10,"-5,83722221","-35,20805555",10.4,1008.09,952.4,26.26,86.17,9.34
2022-10-11,"-5,83722221","-35,20805555",0.4,1008.57,1816.86,26.57,75.62,12.04
2022-10-12,"-5,83722221","-35,20805555",0.0,1006.8,1699.98,26.03,77.21,9.73
2022-10-13,"-5,83722221","-35,20805555",0.2,1007.59,1756.08,26.53,77.71,9.65
2022-10-14,"-5,83722221","-35,20805555",0.0,1008.76,2024.55,26.98,73.29,10.44
2022-10-15,"-5,83722221","-35,20805555",0.0,1008.19,1788.79,26.55,75.79,10.27
2022-10-16,"-5,83722221","-35,20805555",0.0,1006.94,1855.65,26.43,78.0,9.95
2022-10-17,"-5,83722221","-35,20805555",0.0,1007.02,1875.56,27.15,74.54,10.98
2022-10-18,"-5,83722221","-35,20805555",5.6,1008.88,1496.66,26.31,79.83,10.15
2022-10-19,"-5,83722221","-35,20805555",0.0,1009.2,1867.48,26.94,74.62,10.69
2022-10-20,"-5,83722221","-35,20805555",0.0,1007.32,1907.72,26.81,73.42,10.76
2022-10-21,"-5,83722221","-35,20805555",0.0,1006.16,1916.24,26.84,71.96,10.2
2022-10-22,"-5,83722221","-35,20805555",0.0,1006.82,1776.91,27.21,73.96,8.55
2022-10-23,"-5,83722221","-35,20805555",0.8,1007.87,1733.48,27.08,76.71,7.39
2022-10-24,"-5,83722221","-35,20805555",3.0,1007.11,1513.14,27.0,79.58,7.7
2022-10-25,"-5,83722221","-35,20805555",0.0,1005.94,1465.01,27.01,76.17,8.19
2022-10-26,"-5,83722221","-35,20805555",0.0,1006.27,1826.02,26.92,74.54,7.72
2022-10-27,"-5,83722221","-35,20805555",0.0,1007.27,1771.48,27.15,76.71,8.41
2022-10-28,"-5,83722221","-35,20805555",0.0,1007.32,1716.42,27.27,74.92,10.16
2022-10-29,"-5,83722221","-35,20805555",0.8,1006.12,1514.49,26.96,78.21,10.44
2022-10-30,"-5,83722221","-35,20805555",1.2,1005.27,1891.99,27.17,74.17,8.95
2022-10-31,"-5,83722221","-35,20805555",0.0,1005.96,1859.79,27.0,73.75,7.54
2022-11-01,"-5,83722221","-35,20805555",0.0,1006.94,1889.27,27.18,74.62,7.39
2022-11-02,"-5,83722221","-35,20805555",0.0,1006.85,1868.04,27.15,74.54,7.72
2022-11-03,"-5,83722221","-35,20805555",0.0,1006.29,1779.06,27.21,75.12,7.24
2022-11-04,"-5,83722221","-35,20805555",0.0,1006.22,1485.36,27.37,77.21,6.78
2022-11-05,"-5,83722221","-35,20805555",0.0,1006.75,1759.79,27.18,78.5,6.36
2022-11-06,"-5,83722221","-35,20805555",0.0,1006.82,1889.47,27.48,75.83,7.87
2022-11-07,"-5,83722221","-35,20805555",0.0,1007.4,1830.98,27.37,72.67,7.26
2022-11-08,"-5,83722221","-35,20805555",2.0,1008.09,1670.72,27.0,76.08,7.05
2022-11-09,"-5,83722221","-35,20805555",0.4,1008.55,1821.62,27.4,74.88,7.35
2022-11-10,"-5,83722221","-35,20805555",0.0,1007.38,1903.79,27.4,71.96,8.67
2022-11-11,"-5,83722221","-35,20805555",0.0,1006.29,1893.94,27.69,71.75,7.41
2022-11-12,"-5,83722221","-35,20805555",2.0,1005.25,1554.15,26.83,81.12,7.1
2022-11-13,"-5,83722221","-35,20805555",10.8,1006.07,1203.3,26.22,85.08,7.36
2022-11-14,"-5,83722221","-35,20805555",0.2,1007.23,1689.11,27.27,77.12,7.6
2022-11-15,"-5,83722221","-35,20805555",0.0,1008.34,1661.01,27.42,74.12,7.18
2022-11-16,"-5,83722221","-35,20805555",0.0,1006.58,1923.57,27.46,71.5,8.53
2022-11-17,"-5,83722221","-35,20805555",0.0,1005.7,1766.71,27.41,72.21,8.91
2022-11-18,"-5,83722221","-35,20805555",0.6,1005.92,1755.05,27.02,75.04,7.22
2022-11-19,"-5,83722221","-35,20805555",0.0,1007.09,1679.85,27.47,75.67,7.47
2022-11-20,"-5,83722221","-35,20805555",0.0,1006.86,1269.02,26.56,79.0,8.16
2022-12-18,"-5,83722221","-35,20805555",0.0,1004.85,523.4,27.05,76.0,7.65
2022-12-19,"-5,83722221","-35,20805555",0.0,1006.48,2587.05,27.8,72.25,6.55
2022-12-31,"-5,83722221","-35,20805555",0.0,1006.6,2723.4,29.8,68.0,11.0
2022-01-01,"-25,4486111","-49,23055554",0.0,906.4,1934.19,21.5,75.35,3.4
2022-01-02,"-25,4486111","-49,23055554",29.0,908.24,1634.64,23.02,75.35,4.58
2022-01-03,"-25,4486111","-49,23055554",0.0,908.31,1866.29,23.33,75.35,4.49
2022-01-04,"-25,4486111","-49,23055554",18.2,905.32,921.35,22.13,75.35,4.81
2022-01-05,"-25,4486111","-49,23055554",14.8,903.63,1240.44,22.52,75.35,6.17
2022-01-06,"-25,4486111","-49,23055554",14.8,907.83,435.63,18.88,75.35,6.49
2022-01-07,"-25,4486111","-49,23055554",0.8,910.77,789.51,17.03,75.35,6.57
2022-01-08,"-25,4486111","-49,23055554",0.0,911.78,718.23,16.85,75.35,6.12
2022-01-09,"-25,4486111","-49,23055554",0.0,912.19,811.1,16.71,75.35,5.4
2022-01-10,"-25,4486111","-49,23055554",2.8,909.66,1190.62,18.51,75.35,5.67
2022-01-11,"-25,4486111","-49,23055554",4.0,908.6,723.8,19.05,75.35,3.53
2022-01-12,"-25,4486111","-49,23055554",0.2,910.57,1061.17,20.37,75.35,3.54
2022-01-13,"-25,4486111","-49,23055554",0.8,914.11,722.15,20.11,75.35,2.98
2022-01-14,"-25,4486111","-49,23055554",3.6,916.42,1093.66,21.55,75.35,4.77
2022-01-15,"-25,4486111","-49,23055554",48.4,915.89,1071.71,21.35,75.35,3.59
2022-01-16,"-25,4486111","-49,23055554",4.2,911.93,1217.13,21.7,75.35,4.52
2022-01-17,"-25,4486111","-49,23055554",14.2,910.7,1527.27,22.75,75.35,4.38
2022-01-18,"-25,4486111","-49,23055554",2.6,912.61,1177.31,22.73,75.35,3.52
2022-01-19,"-25,4486111","-49,23055554",0.0,914.18,1703.54,24.22,75.35,4.7
2022-01-20,"-25,4486111","-49,23055554",0.0,913.6,1449.01,24.6,75.35,4.08
2022-01-21,"-25,4486111","-49,23055554",0.0,912.48,1656.01,24.26,75.35,4.37
2022-01-22,"-25,4486111","-49,23055554",0.0,911.83,2023.21,24.24,75.35,3.9
2022-01-23,"-25,4486111","-49,23055554",0.0,910.99,2121.77,24.74,75.35,3.58
2022-01-24,"-25,4486111","-49,23055554",0.0,910.63,2082.23,24.56,75.35,3.99
2022-01-25,"-25,4486111","-49,23055554",0.0,910.12,1837.39,23.4,75.35,4.62
2022-01-26,"-25,4486111","-49,23055554",5.8,908.53,1797.76,24.82,75.35,5.35
2022-01-27,"-25,4486111","-49,23055554",13.0,907.46,1137.11,23.18,75.35,5.19
2022-01-28,"-25,4486111","-49,23055554",8.6,908.52,232.65,17.37,75.35,5.74
2022-01-29,"-25,4486111","-49,23055554",42.6,908.15,456.04,16.65,75.35,5.37
2022-01-30,"-25,4486111","-49,23055554",0.0,908.7,754.38,18.82,75.35,5.72
2022-01-31,"-25,4486111","-49,23055554",0.2,907.54,1356.07,21.14,75.35,4.15
2022-02-01,"-25,4486111","-49,23055554",0.0,909.63,1635.61,22.31,75.35,4.15
2022-02-02,"-25,4486111","-49,23055554",0.0,912.22,1910.8,22.76,75.35,5.26
2022-02-03,"-25,4486111","-49,23055554",0.0,911.64,1395.15,22.0,75.35,5.05
2022-02-04,"-25,4486111","-49,23055554",13.4,909.17,1008.29,22.02,75.35,4.88
2022-02-05,"-25,4486111","-49,23055554",5.4,907.0,1437.76,23.14,75.35,5.58
2022-02-06,"-25,4486111","-49,23055554",0.0,908.16,1181.18,23.4,75.35,5.57
2022-02-07,"-25,4486111","-49,23055554",0.0,910.46,1137.99,20.86,75.35,3.76
2022-02-08,"-25,4486111","-49,23055554",0.0,910.54,1331.63,20.18,75.35,4.52
2022-02-09,"-25,4486111","-49,23055554",1.8,910.85,1389.56,19.7,75.35,5.47
2022-02-10,"-25,4486111","-49,23055554",0.0,910.85,1885.93,20.37,75.35,5.2
2022-02-11,"-25,4486111","-49,23055554",0.0,911.32,2086.69,21.16,75.35,5.28
2022-02-12,"-25,4486111","-49,23055554",0.0,911.53,2053.78,20.88,75.35,5.02
2022-02-13,"-25,4486111","-49,23055554",0.0,909.64,1933.46,21.78,75.35,3.89
2022-02-14,"-25,4486111","-49,23055554",8.8,908.64,1457.21,23.69,75.35,4.72
2022-02-15,"-25,4486111","-49,23055554",3.0,911.74,983.55,20.8,75.35,4.3
2022-02-16,"-25,4486111","-49,23055554",0.0,912.61,2044.82,21.37,75.35,4.5
2022-02-17,"-25,4486111","-49,23055554",4.2,910.3,1301.98,20.41,75.35,5.0
2022-02-18,"-25,4486111","-49,23055554",0.0,908.6,1685.15,18.09,75.35,4.03
2022-02-19,"-25,4486111","-49,23055554",16.0,908.3,1634.32,19.7,75.35,4.4
2022-02-20,"-25,4486111","-49,23055554",0.2,910.28,1830.09,22.24,75.35,3.65
2022-02-21,"-25,4486111","-49,23055554",0.0,912.12,1613.39,23.77,75.35,4.57
2022-02-22,"-25,4486111","-49,23055554",12.6,912.56,1119.72,23.41,75.35,3.74
2022-02-23,"-25,4486111","-49,23055554",20.8,911.3,1189.1,23.1,75.35,4.32
2022-02-24,"-25,4486111","-49,23055554",0.0,912.6,1064.4,22.72,75.35,4.55
2022-02-25,"-25,4486111","-49,23055554",0.0,914.53,936.5,22.78,75.35,4.21
2022-02-26,"-25,4486111","-49,23055554",27.2,914.15,1248.09,23.19,75.35,3.66
2022-02-27,"-25,4486111","-49,23055554",0.0,912.35,1782.06,23.15,75.35,4.34
2022-02-28,"-25,4486111","-49,23055554",0.0,910.07,1806.36,25.33,75.35,5.0
2022-03-01,"-25,4486111","-49,23055554",37.2,910.0,1023.27,23.74,75.35,4.12
2022-03-02,"-25,4486111","-49,23055554",0.8,911.09,549.72,22.22,75.35,2.61
2022-03-03,"-25,4486111","-49,23055554",1.8,911.48,1073.83,22.86,75.35,3.0
2022-03-04,"-25,4486111","-49,23055554",102.8,912.1,859.44,21.35,75.35,4.22
2022-03-05,"-25,4486111","-49,23055554",0.2,910.99,1485.46,24.12,75.35,3.52
2022-03-06,"-25,4486111","-49,23055554",0.0,910.34,1818.31,25.53,75.35,4.23
2022-03-07,"-25,4486111","-49,23055554",0.0,910.16,1537.54,25.61,75.35,3.64
2022-03-08,"-25,4486111","-49,23055554",7.4,911.52,854.05,23.05,75.35,4.76
2022-03-09,"-25,4486111","-49,23055554",0.0,912.25,1285.92,23.12,75.35,4.4
2022-03-10,"-25,4486111","-49,23055554",0.0,910.38,1347.28,23.22,75.35,4.9
2022-03-11,"-25,4486111","-49,23055554",4.8,909.06,1519.41,23.44,75.35,5.3
2022-03-12,"-25,4486111","-49,23055554",8.8,911.08,224.9,18.77,75.35,5.17
2022-03-13,"-25,4486111","-49,23055554",5.4,912.02,250.49,18.02,75.35,2.77
2022-03-14,"-25,4486111","-49,23055554",2.8,910.03,513.85,19.76,75.35,2.5
2022-03-15,"-25,4486111","-49,23055554",4.2,910.86,721.3,20.31,75.35,4.34
2022-03-16,"-25,4486111","-49,23055554",3.0,911.7,518.41,18.58,75.35,4.99
2022-03-17,"-25,4486111","-49,23055554",0.2,910.92,956.6,21.45,75.35,3.88
2022-03-18,"-25,4486111","-49,23055554",0.0,911.73,1149.25,23.59,75.35,3.45
2022-03-19,"-25,4486111","-49,23055554",27.4,912.24,883.21,21.25,75.35,4.84
2022-03-20,"-25,4486111","-49,23055554",0.0,915.64,457.29,17.53,75.35,6.63
2022-03-21,"-25,4486111","-49,23055554",3.8,917.05,677.36,16.26,75.35,5.98
2022-03-22,"-25,4486111","-49,23055554",1.4,916.05,949.04,17.25,75.35,7.21
2022-03-23,"-25,4486111","-49,23055554",0.0,912.99,1424.95,19.05,75.35,4.88
2022-03-24,"-25,4486111","-49,23055554",12.8,909.32,1321.81,20.97,75.35,7.92
2022-03-25,"-25,4486111","-49,23055554",0.2,908.16,624.9,20.2,75.35,5.92
2022-03-26,"-25,4486111","-49,23055554",0.0,908.52,1619.94,21.73,75.35,5.59
2022-03-27,"-25,4486111","-49,23055554",0.0,911.38,1489.81,21.37,75.35,3.25
2022-03-28,"-25,4486111","-49,23055554",0.0,914.46,996.48,20.63,75.35,4.53
2022-03-29,"-25,4486111","-49,23055554",0.0,912.92,1685.92,21.02,75.35,4.67
2022-03-30,"-25,4486111","-49,23055554",5.0,909.52,1287.64,20.95,75.35,6.93
2022-03-31,"-25,4486111","-49,23055554",4.4,912.85,213.12,15.1,75.35,5.3
2022-04-01,"-25,4486111","-49,23055554",14.8,917.13,301.92,13.15,75.35,5.7
2022-04-02,"-25,4486111","-49,23055554",0.4,917.66,444.53,15.43,75.35,5.08
2022-04-03,"-25,4486111","-49,23055554",0.0,915.58,656.66,18.06,75.35,4.73
2022-04-04,"-25,4486111","-49,23055554",1.8,912.6,1027.8,20.5,75.35,5.8
2022-04-05,"-25,4486111","-49,23055554",0.0,913.37,975.95,18.92,75.35,2.97
2022-04-06,"-25,4486111","-49,23055554",0.0,913.7,940.03,19.4,75.35,3.77
2022-04-07,"-25,4486111","-49,23055554",0.0,912.86,804.99,19.6,75.35,3.75
2022-04-08,"-25,4486111","-49,23055554",7.6,911.67,904.16,19.21,75.35,5.05
2022-04-09,"-25,4486111","-49,23055554",1.4,911.02,1266.93,20.04,75.35,3.78
2022-04-10,"-25,4486111","-49,23055554",0.0,911.35,1392.79,19.97,75.35,3.43
2022-04-11,"-25,4486111","-49,23055554",7.4,910.58,396.34,17.46,75.35,4.14
2022-04-12,"-25,4486111","-49,23055554",10.6,908.25,543.44,18.28,75.35,2.59
2022-04-13,"-25,4486111","-49,23055554",0.0,908.9,592.41,19.28,75.35,2.81
2022-04-14,"-25,4486111","-49,23055554",0.0,910.52,538.92,17.65,75.35,3.8
2022-04-15,"-25,4486111","-49,23055554",0.2,912.68,1682.35,14.58,75.35,3.41
2022-04-16,"-25,4486111","-49,23055554",0.0,914.7,1580.49,14.36,75.35,3.46
2022-04-17,"-25,4486111","-49,23055554",1.0,915.7,988.09,14.92,75.35,4.28
2022-04-18,"-25,4486111","-49,23055554",3.8,915.61,691.34,14.72,75.35,4.18
2022-04-19,"-25,4486111","-49,23055554",0.0,914.88,1161.55,16.39,75.35,2.78
2022-04-20,"-25,4486111","-49,23055554",0.0,914.68,1392.68,17.11,75.35,3.05
2022-04-21,"-25,4486111","-49,23055554",0.0,911.95,1304.49,18.14,75.35,3.8
2022-04-22,"-25,4486111","-49,23055554",18.4,908.02,224.14,16.01,75.35,7.28
2022-04-23,"-25,4486111","-49,23055554",37.0,906.78,1098.65,16.28,75.35,7.5
2022-04-24,"-25,4486111","-49,23055554",0.0,914.18,1342.52,16.74,75.35,2.96
2022-04-25,"-25,4486111","-49,23055554",0.2,915.15,1570.95,18.45,75.35,3.55
2022-04-26,"-25,4486111","-49,23055554",0.0,913.2,859.51,20.12,75.35,2.49
2022-04-27,"-25,4486111","-49,23055554",0.0,912.07,1530.69,21.77,75.35,3.86
2022-04-28,"-25,4486111","-49,23055554",0.4,913.05,1206.16,23.23,75.35,5.5
2022-04-29,"-25,4486111","-49,23055554",0.0,916.33,301.49,18.02,75.35,4.99
2022-04-30,"-25,4486111","-49,23055554",0.0,915.91,394.76,16.09,75.35,4.62
2022-05-01,"-25,4486111","-49,23055554",0.0,911.68,866.21,19.71,75.35,5.77
2022-05-02,"-25,4486111","-49,23055554",3.4,911.98,614.87,19.27,75.35,4.01
2022-05-03,"-25,4486111","-49,23055554",44.2,910.15,107.33,17.16,75.35,3.38
2022-05-04,"-25,4486111","-49,23055554",12.0,907.33,978.11,15.44,75.35,7.17
2022-05-05,"-25,4486111","-49,23055554",0.0,912.73,908.96,15.8,75.35,4.47
2022-05-06,"-25,4486111","-49,23055554",0.0,917.15,1219.86,15.7,75.35,3.24
2022-05-07,"-25,4486111","-49,23055554",0.0,918.18,1434.23,13.85,75.35,4.1
2022-05-08,"-25,4486111","-49,23055554",0.0,917.22,1251.08,14.35,75.35,4.47
2022-05-09,"-25,4486111","-49,23055554",0.0,916.79,868.75,14.9,75.35,3.58
2022-05-10,"-25,4486111","-49,23055554",4.0,914.35,840.32,16.88,75.35,3.55
2022-05-11,"-25,4486111","-49,23055554",3.0,910.76,816.38,16.79,75.35,4.3
2022-05-12,"-25,4486111","-49,23055554",0.0,912.48,1292.42,14.72,75.35,2.75
2022-05-13,"-25,4486111","-49,23055554",0.0,914.44,992.13,15.95,75.35,3.96
2022-05-14,"-25,4486111","-49,23055554",0.0,914.05,875.19,15.58,75.35,4.02
2022-05-15,"-25,4486111","-49,23055554",0.0,909.62,1021.35,17.0,75.35,5.81
2022-05-16,"-25,4486111","-49,23055554",0.0,911.12,1057.07,14.82,75.35,5.98
2022-05-17,"-25,4486111","-49,23055554",0.0,909.85,1389.73,10.19,75.35,12.54
2022-05-18,"-25,4486111","-49,23055554",0.0,907.87,986.77,11.42,75.35,13.07
2022-05-19,"-25,4486111","-49,23055554",0.0,912.07,1456.86,11.62,75.35,5.46
2022-05-20,"-25,4486111","-49,23055554",0.0,915.76,1661.07,14.39,75.35,4.23
2022-05-21,"-25,4486111","-49,23055554",0.0,917.61,1629.59,15.03,75.35,3.39
2022-05-22,"-25,4486111","-49,23055554",0.0,917.06,1550.22,13.31,75.35,2.73
2022-05-23,"-25,4486111","-49,23055554",0.0,916.03,1106.59,14.87,75.35,3.5
2022-05-24,"-25,4486111","-49,23055554",0.0,916.81,1280.48,15.57,75.35,2.78
2022-05-25,"-25,4486111","-49,23055554",0.2,918.11,1283.02,16.16,75.35,2.51
2022-05-26,"-25,4486111","-49,23055554",0.0,917.88,1163.4,16.72,75.35,2.55
2022-05-27,"-25,4486111","-49,23055554",0.0,915.4,1263.09,17.28,75.35,3.85
2022-05-28,"-25,4486111","-49,23055554",0.0,912.65,670.73,17.41,75.35,3.65
2022-05-29,"-25,4486111","-49,23055554",32.4,908.54,741.41,18.29,75.35,7.6
2022-05-30,"-25,4486111","-49,23055554",58.0,908.5,143.17,15.12,75.35,3.12
2022-05-31,"-25,4486111","-49,23055554",6.0,912.4,232.49,11.7,75.35,5.07
2022-06-01,"-25,4486111","-49,23055554",38.2,912.15,115.01,11.71,75.35,3.14
2022-06-02,"-25,4486111","-49,23055554",60.6,911.46,130.15,13.54,75.35,3.23
2022-06-03,"-25,4486111","-49,23055554",6.2,915.64,382.38,11.95,75.35,4.02
2022-06-04,"-25,4486111","-49,23055554",0.0,917.85,597.13,12.04,75.35,4.1
2022-06-05,"-25,4486111","-49,23055554",0.0,916.15,808.18,14.33,75.35,4.05
2022-06-06,"-25,4486111","-49,23055554",9.8,912.26,755.83,16.44,75.35,4.48
2022-06-07,"-25,4486111","-49,23055554",19.8,910.03,167.97,15.12,75.35,3.07
2022-06-08,"-25,4486111","-49,23055554",0.0,911.76,465.18,14.76,75.35,3.32
2022-06-09,"-25,4486111","-49,23055554",1.6,913.35,519.76,14.62,75.35,2.76
2022-06-10,"-25,4486111","-49,23055554",5.8,912.42,382.74,13.57,75.35,4.68
2022-06-11,"-25,4486111","-49,23055554",0.0,913.94,1376.48,10.48,75.35,4.58
2022-06-12,"-25,4486111","-49,23055554",0.0,914.66,1461.87,11.71,75.35,5.87
2022-06-13,"-25,4486111","-49,23055554",0.0,917.5,1490.9,14.61,75.35,4.48
2022-06-14,"-25,4486111","-49,23055554",0.0,917.24,723.21,13.42,75.35,5.11
2022-06-15,"-25,4486111","-49,23055554",0.0,916.4,965.99,13.82,75.35,3.75
2022-06-16,"-25,4486111","-49,23055554",0.0,914.12,1297.61,17.38,75.35,2.53
2022-06-17,"-25,4486111","-49,23055554",2.6,908.55,837.08,16.91,75.35,6.98
2022-06-18,"-25,4486111","-49,23055554",0.4,912.54,1277.22,14.0,75.35,5.84
2022-06-19,"-25,4486111","-49,23055554",0.0,916.62,761.71,12.04,75.35,4.91
2022-06-20,"-25,4486111","-49,23055554",0.0,915.53,503.91,13.32,75.35,2.61
2022-06-21,"-25,4486111","-49,23055554",0.0,913.23,997.32,16.84,75.35,4.21
2022-06-22,"-25,4486111","-49,23055554",0.0,911.5,1120.67,19.47,75.35,5.58
2022-06-23,"-25,4486111","-49,23055554",0.0,912.85,1176.27,20.65,75.35,7.98
2022-06-24,"-25,4486111","-49,23055554",0.0,915.31,1030.26,18.9,75.35,3.18
2022-06-25,"-25,4486111","-49,23055554",0.0,917.15,794.98,15.44,75.35,2.95
2022-06-26,"-25,4486111","-49,23055554",0.0,917.83,253.62,11.84,75.35,3.91
2022-06-27,"-25,4486111","-49,23055554",0.0,916.62,249.27,12.63,75.35,3.23
2022-06-28,"-25,4486111","-49,23055554",0.0,913.79,1226.95,15.48,75.35,5.35
2022-06-29,"-25,4486111","-49,23055554",0.0,911.12,1174.45,16.12,75.35,8.2
2022-06-30,"-25,4486111","-49,23055554",0.0,913.8,1535.41,15.92,75.35,3.46
2022-07-01,"-25,4486111","-49,23055554",0.0,913.9,1474.28,15.11,75.35,3.77
2022-07-02,"-25,4486111","-49,23055554",0.0,914.63,1173.86,16.51,75.35,4.63
2022-07-03,"-25,4486111","-49,23055554",0.0,917.61,1185.13,19.08,75.35,3.5
2022-07-04,"-25,4486111","-49,23055554",0.0,917.32,1115.13,18.2,75.35,2.42
2022-07-05,"-25,4486111","-49,23055554",0.0,915.47,1068.54,16.68,75.35,3.73
2022-07-06,"-25,4486111","-49,23055554",0.0,914.63,1136.67,16.35,75.35,2.76
2022-07-07,"-25,4486111","-49,23055554",0.0,914.38,1215.38,18.12,75.35,4.51
2022-07-08,"-25,4486111","-49,23055554",0.0,918.43,968.63,16.37,75.35,2.58
2022-07-09,"-25,4486111","-49,23055554",0.0,918.61,1141.32,16.47,75.35,4.24
2022-07-10,"-25,4486111","-49,23055554",0.0,915.15,1123.79,16.88,75.35,4.89
2022-07-11,"-25,4486111","-49,23055554",0.0,910.3,1277.52,17.77,75.35,5.81
2022-07-12,"-25,4486111","-49,23055554",4.2,910.17,904.97,18.05,75.35,9.59
2022-07-13,"-25,4486111","-49,23055554",0.0,916.65,229.0,12.05,75.35,5.84
2022-07-14,"-25,4486111","-49,23055554",0.0,914.96,803.92,16.0,75.35,5.18
2022-07-15,"-25,4486111","-49,23055554",0.0,910.86,1160.78,17.99,75.35,5.54
2022-07-16,"-25,4486111","-49,23055554",0.0,908.78,1099.96,20.66,75.35,7.9
2022-07-17,"-25,4486111","-49,23055554",1.0,913.97,359.23,16.99,75.35,6.04
2022-07-18,"-25,4486111","-49,23055554",13.4,918.8,191.56,12.81,75.35,4.15
2022-07-19,"-25,4486111","-49,23055554",4.6,918.54,1028.71,16.78,75.35,3.6
2022-07-20,"-25,4486111","-49,23055554",0.0,917.53,851.55,15.8,75.35,3.03
2022-07-21,"-25,4486111","-49,23055554",0.0,915.37,1032.06,16.6,75.35,3.73
2022-07-22,"-25,4486111","-49,23055554",0.0,914.72,1065.65,18.68,75.35,2.06
2022-07-23,"-25,4486111","-49,23055554",0.0,914.6,1269.21,18.22,75.35,2.57
2022-07-24,"-25,4486111","-49,23055554",0.0,915.81,1248.72,17.91,75.35,2.14
2022-07-25,"-25,4486111","-49,23055554",0.0,916.35,1353.83,17.7,75.35,2.06
2022-07-26,"-25,4486111","-49,23055554",0.0,916.97,1115.84,16.08,75.35,2.31
2022-07-27,"-25,4486111","-49,23055554",0.0,915.6,1160.78,15.44,75.35,3.18
2022-07-28,"-25,4486111","-49,23055554",0.0,909.85,1264.08,18.7,75.35,6.17
2022-07-29,"-25,4486111","-49,23055554",7.2,908.79,1230.65,14.79,75.35,9.76
2022-07-30,"-25,4486111","-49,23055554",0.0,913.75,1710.8,13.84,75.35,4.4
2022-07-31,"-25,4486111","-49,23055554",0.0,914.58,1768.12,14.44,75.35,3.65
2022-08-01,"-25,4486111","-49,23055554",0.0,913.62,948.58,16.64,75.35,2.91
2022-08-02,"-25,4486111","-49,23055554",0.0,914.15,1424.7,18.17,75.35,2.36
2022-08-03,"-25,4486111","-49,23055554",0.0,914.08,1283.78,16.78,75.35,3.81
2022-08-04,"-25,4486111","-49,23055554",0.0,909.47,1281.2,19.18,75.35,5.97
2022-08-05,"-25,4486111","-49,23055554",0.0,910.13,1213.92,17.39,75.35,7.09
2022-08-06,"-25,4486111","-49,23055554",2.2,913.85,307.19,12.64,75.35,6.0
2022-08-07,"-25,4486111","-49,23055554",19.8,911.93,136.56,12.97,75.35,3.82
2022-08-08,"-25,4486111","-49,23055554",6.8,912.6,521.2,15.12,75.35,3.55
2022-08-09,"-25,4486111","-49,23055554",0.6,913.92,128.75,13.41,75.35,4.2
2022-08-10,"-25,4486111","-49,23055554",0.0,909.68,68.94,11.04,75.35,6.87
2022-08-11,"-25,4486111","-49,23055554",51.8,917.94,1259.08,12.38,75.35,5.24
2022-08-12,"-25,4486111","-49,23055554",0.8,918.75,746.52,12.34,75.35,5.45
2022-08-13,"-25,4486111","-49,23055554",0.0,917.68,1487.12,15.23,75.35,5.2
2022-08-14,"-25,4486111","-49,23055554",0.0,915.33,1589.57,16.97,75.35,4.4
2022-08-15,"-25,4486111","-49,23055554",0.0,909.92,1415.34,18.46,75.35,5.26
2022-08-16,"-25,4486111","-49,23055554",12.2,909.03,337.25,17.95,82.0,6.28
2022-08-17,"-25,4486111","-49,23055554",11.2,909.88,500.31,15.11,91.88,5.98
2022-08-18,"-25,4486111","-49,23055554",17.8,907.71,361.09,15.6,90.46,6.76
2022-08-19,"-25,4486111","-49,23055554",2.8,919.5,1493.6,9.56,60.5,7.61
2022-08-20,"-25,4486111","-49,23055554",0.0,922.81,840.59,9.56,81.33,7.36
2022-08-21,"-25,4486111","-49,23055554",0.0,921.33,415.11,11.46,86.92,4.59
2022-08-22,"-25,4486111","-49,23055554",0.0,919.65,405.2,12.11,88.48,4.1
2022-08-23,"-25,4486111","-49,23055554",0.6,919.35,1202.59,13.37,85.39,3.83
2022-08-24,"-25,4486111","-49,23055554",0.0,918.32,1861.36,14.4,80.1,3.9
2022-08-25,"-25,4486111","-49,23055554",0.0,917.45,1338.25,16.18,79.54,4.12
2022-08-26,"-25,4486111","-49,23055554",0.4,916.16,1357.82,17.61,75.33,3.49
2022-08-27,"-25,4486111","-49,23055554",0.0,913.55,2075.38,19.34,68.42,4.82
2022-08-28,"-25,4486111","-49,23055554",0.0,914.89,1797.18,17.66,69.71,4.43
2022-08-29,"-25,4486111","-49,23055554",0.2,921.08,1439.12,10.17,77.96,7.45
2022-08-30,"-25,4486111","-49,23055554",0.8,921.78,821.82,10.04,85.8,7.7
2022-08-31,"-25,4486111","-49,23055554",0.2,919.11,1303.12,12.19,82.8,6.05
2022-09-01,"-25,4486111","-49,23055554",0.0,914.82,2305.77,16.44,66.11,5.26
2022-09-02,"-25,4486111","-49,23055554",3.2,912.71,1217.52,17.07,73.79,4.53
2022-09-03,"-25,4486111","-49,23055554",14.2,914.86,155.5,13.0,95.42,4.7
2022-09-04,"-25,4486111","-49,23055554",0.0,918.75,468.39,9.68,83.93,6.72
2022-09-05,"-25,4486111","-49,23055554",0.0,920.15,705.9,11.59,82.62,5.25
2022-09-06,"-25,4486111","-49,23055554",8.0,919.76,343.8,12.46,94.59,5.27
2022-09-07,"-25,4486111","-49,23055554",4.2,914.33,925.7,14.93,88.75,5.07
2022-09-08,"-25,4486111","-49,23055554",0.0,910.46,1955.18,18.91,72.79,5.92
2022-09-09,"-25,4486111","-49,23055554",0.0,910.58,1967.94,22.9,59.25,6.38
2022-09-10,"-25,4486111","-49,23055554",0.0,911.86,986.28,20.29,71.42,5.1
2022-09-11,"-25,4486111","-49,23055554",0.0,915.39,253.01,11.01,91.29,5.84
2022-09-12,"-25,4486111","-49,23055554",35.8,913.29,301.18,11.35,94.77,5.59
2022-09-13,"-25,4486111","-49,23055554",14.6,909.93,1777.02,16.89,85.21,4.55
2022-09-14,"-25,4486111","-49,23055554",21.6,912.6,94.42,13.16,96.42,5.87
2022-09-15,"-25,4486111","-49,23055554",11.0,916.02,307.72,11.5,95.95,4.1
2022-09-16,"-25,4486111","-49,23055554",1.2,917.79,1066.95,12.46,89.42,5.98
2022-09-17,"-25,4486111","-49,23055554",1.6,918.32,1452.1,11.7,79.86,7.22
2022-09-18,"-25,4486111","-49,23055554",0.2,915.27,1983.86,13.02,81.61,7.56
2022-09-19,"-25,4486111","-49,23055554",2.0,912.33,1433.64,13.87,79.17,5.79
2022-09-20,"-25,4486111","-49,23055554",2.8,909.12,1240.27,16.98,80.5,5.37
2022-09-21,"-25,4486111","-49,23055554",5.0,909.53,378.45,13.71,91.21,5.99
2022-09-22,"-25,4486111","-49,23055554",3.2,907.28,980.79,15.9,82.46,5.75
2022-09-23,"-25,4486111","-49,23055554",0.0,911.23,2258.34,12.54,54.67,8.83
2022-09-24,"-25,4486111","-49,23055554",0.0,914.84,2373.51,15.72,62.54,5.71
2022-09-25,"-25,4486111","-49,23055554",9.2,914.98,315.19,10.62,88.88,5.2
2022-09-26,"-25,4486111","-49,23055554",24.2,913.61,437.22,13.76,91.96,6.11
2022-09-27,"-25,4486111","-49,23055554",1.2,913.22,857.32,16.31,87.33,3.07
2022-09-28,"-25,4486111","-49,23055554",2.4,915.98,309.98,13.26,86.17,7.6
2022-09-29,"-25,4486111","-49,23055554",3.0,917.35,584.59,11.92,89.86,7.02
2022-09-30,"-25,4486111","-49,23055554",0.2,916.73,561.67,12.53,89.58,5.94
2022-10-01,"-25,4486111","-49,23055554",0.2,914.46,1349.24,16.04,84.29,3.61
2022-10-02,"-25,4486111","-49,23055554",0.0,914.4,1247.22,16.77,82.96,4.02
2022-10-03,"-25,4486111","-49,23055554",0.0,912.81,930.45,15.2,84.58,5.19
2022-10-04,"-25,4486111","-49,23055554",0.0,910.76,940.74,15.36,84.29,5.34
2022-10-05,"-25,4486111","-49,23055554",0.0,911.62,1238.38,16.2,82.29,5.19
2022-10-06,"-25,4486111","-49,23055554",15.0,909.22,491.0,16.18,89.38,6.52
2022-10-07,"-25,4486111","-49,23055554",1.4,905.93,1425.4,18.01,72.54,8.91
2022-10-08,"-25,4486111","-49,23055554",0.0,909.3,2132.89,17.34,61.45,4.69
2022-10-09,"-25,4486111","-49,23055554",0.0,911.17,1670.34,18.24,73.35,4.87
2022-10-10,"-25,4486111","-49,23055554",0.0,916.23,298.97,13.36,88.21,7.66
2022-10-11,"-25,4486111","-49,23055554",13.6,914.66,907.12,16.74,86.83,4.06
2022-10-12,"-25,4486111","-49,23055554",10.4,913.35,666.65,17.51,85.62,5.52
2022-10-13,"-25,4486111","-49,23055554",3.2,913.82,609.88,17.82,90.0,3.68
2022-10-14,"-25,4486111","-49,23055554",17.8,917.4,223.45,15.58,95.67,4.52
2022-10-15,"-25,4486111","-49,23055554",0.6,919.77,289.17,14.97,91.54,6.5
2022-10-16,"-25,4486111","-49,23055554",10.2,914.68,1225.29,17.7,86.75,4.63
2022-10-17,"-25,4486111","-49,23055554",0.0,912.91,1498.92,18.32,85.42,4.68
2022-10-18,"-25,4486111","-49,23055554",8.4,915.3,354.7,15.62,92.54,5.0
2022-10-19,"-25,4486111","-49,23055554",0.0,913.45,1639.37,18.99,81.88,4.05
2022-10-20,"-25,4486111","-49,23055554",12.2,909.57,553.68,17.47,90.17,5.79
2022-10-21,"-25,4486111","-49,23055554",20.0,905.6,1385.56,19.07,84.21,7.91
2022-10-22,"-25,4486111","-49,23055554",0.0,909.9,1907.81,18.23,77.29,4.52
2022-10-23,"-25,4486111","-49,23055554",0.0,913.58,1088.6,17.92,76.96,5.08
2022-10-24,"-25,4486111","-49,23055554",0.0,913.17,1418.09,18.83,79.67,4.67
2022-10-25,"-25,4486111","-49,23055554",0.2,913.26,1481.44,17.62,82.08,5.47
2022-10-26,"-25,4486111","-49,23055554",0.0,910.88,1708.37,19.65,65.92,5.85
2022-10-27,"-25,4486111","-49,23055554",1.6,908.91,1492.61,20.85,71.04,6.85
2022-10-28,"-25,4486111","-49,23055554",0.0,909.74,2037.75,22.3,68.04,4.43
2022-10-29,"-25,4486111","-49,23055554",8.6,908.88,1099.18,20.97,80.96,6.56
2022-10-30,"-25,4486111","-49,23055554",0.2,905.15,1973.64,20.28,78.42,6.02
2022-10-31,"-25,4486111","-49,23055554",23.2,906.73,522.67,18.48,87.33,6.12
2022-11-01,"-25,4486111","-49,23055554",4.6,915.73,361.27,11.62,90.62,8.17
2022-11-02,"-25,4486111","-49,23055554",1.0,920.79,856.98,9.95,87.86,7.46
2022-11-03,"-25,4486111","-49,23055554",0.8,919.36,1948.91,12.51,79.81,6.11
2022-11-04,"-25,4486111","-49,23055554",0.0,916.83,1786.91,13.74,72.05,5.89
2022-11-05,"-25,4486111","-49,23055554",0.0,916.08,2005.48,14.76,68.12,6.91
2022-11-06,"-25,4486111","-49,23055554",0.0,916.3,1880.62,13.96,74.95,5.66
2022-11-07,"-25,4486111","-49,23055554",0.0,915.19,2096.18,14.08,73.87,5.38
2022-11-08,"-25,4486111","-49,23055554",0.0,913.45,1665.77,15.26,69.87,5.28
2022-11-09,"-25,4486111","-49,23055554",0.0,911.76,2071.37,17.09,70.62,5.95
2022-11-10,"-25,4486111","-49,23055554",0.0,911.8,1751.87,18.99,71.25,5.85
2022-11-11,"-25,4486111","-49,23055554",24.2,911.7,816.26,17.64,85.0,5.41
2022-11-12,"-25,4486111","-49,23055554",2.2,910.72,1019.58,18.42,84.5,4.72
2022-11-13,"-25,4486111","-49,23055554",15.0,909.15,1502.77,19.7,82.17,5.98
2022-11-14,"-25,4486111","-49,23055554",11.8,907.08,1346.34,20.88,77.08,7.08
2022-11-15,"-25,4486111","-49,23055554",0.0,910.94,2060.57,20.62,52.5,7.37
2022-11-16,"-25,4486111","-49,23055554",0.0,913.72,2000.06,19.14,61.12,4.4
2022-11-17,"-25,4486111","-49,23055554",0.0,914.8,2102.78,18.32,51.71,5.52
2022-11-18,"-25,4486111","-49,23055554",0.0,914.11,2471.02,17.46,56.0,6.01
2022-11-19,"-25,4486111","-49,23055554",0.0,913.8,2117.26,16.89,71.75,7.3
2022-11-20,"-25,4486111","-49,23055554",0.0,912.62,1686.75,18.56,78.62,6.35
2022-11-21,"-25,4486111","-49,23055554",0.0,911.15,1592.73,21.29,75.29,5.82
2022-11-22,"-25,4486111","-49,23055554",4.0,910.73,1002.39,19.64,81.79,5.3
2022-11-23,"-25,4486111","-49,23055554",26.8,909.04,1532.32,20.52,85.29,5.7
2022-11-24,"-25,4486111","-49,23055554",0.4,910.33,400.16,17.2,89.12,5.55
2022-11-25,"-25,4486111","-49,23055554",0.0,912.47,1734.79,17.39,77.83,5.8
2022-11-26,"-25,4486111","-49,23055554",7.8,911.98,613.56,16.78,92.42,4.89
2022-11-27,"-25,4486111","-49,23055554",4.6,911.62,971.03,17.86,91.17,5.51
2022-11-28,"-25,4486111","-49,23055554",28.2,908.75,607.25,16.49,95.67,6.22
2022-11-29,"-25,4486111","-49,23055554",28.2,905.18,971.4,18.23,92.04,5.95
2022-11-30,"-25,4486111","-49,23055554",16.0,903.7,857.76,18.54,93.46,4.05
2022-12-01,"-25,4486111","-49,23055554",0.4,905.58,1650.58,20.6,82.92,5.01
2022-12-02,"-25,4486111","-49,23055554",0.6,909.18,1749.71,21.82,80.83,4.42
2022-12-03,"-25,4486111","-49,23055554",27.2,909.76,1258.06,22.05,84.71,4.45
2022-12-04,"-25,4486111","-49,23055554",15.2,908.07,1440.87,21.6,85.67,4.08
2022-12-05,"-25,4486111","-49,23055554",1.2,908.24,1138.85,22.34,83.0,4.73
2022-12-06,"-25,4486111","-49,23055554",17.6,910.37,1288.97,22.04,85.46,4.44
2022-12-07,"-25,4486111","-49,23055554",0.0,910.3,1443.85,22.38,79.79,5.36
2022-12-08,"-25,4486111","-49,23055554",0.0,908.09,2092.38,23.38,67.25,5.13
2022-12-09,"-25,4486111","-49,23055554",56.4,907.62,1455.83,23.72,80.08,4.46
2022-12-10,"-25,4486111","-49,23055554",0.0,909.03,590.17,22.9,79.67,5.43
2022-12-11,"-25,4486111","-49,23055554",0.2,908.29,1220.64,23.53,79.38,4.72
2022-12-12,"-25,4486111","-49,23055554",1.0,905.2,1343.32,22.85,85.08,6.38
2022-12-13,"-25,4486111","-49,23055554",7.4,904.8,1064.09,19.88,86.54,5.72
2022-12-14,"-25,4486111","-49,23055554",0.0,910.12,1162.19,16.77,79.54,6.28
2022-12-15,"-25,4486111","-49,23055554",0.0,910.15,1942.22,18.58,71.58,5.88
2022-12-16,"-25,4486111","-49,23055554",2.6,907.15,1509.27,18.76,79.5,4.72
2022-12-17,"-25,4486111","-49,23055554",0.0,908.1,1186.15,17.19,83.62,6.52
2022-12-18,"-25,4486111","-49,23055554",1.0,910.87,810.43,17.28,85.75,7.43
2022-12-19,"-25,4486111","-49,23055554",2.2,912.13,603.47,17.2,86.67,5.71
2022-12-20,"-25,4486111","-49,23055554",2.2,910.69,854.78,17.45,91.75,5.08
2022-12-21,"-25,4486111","-49,23055554",5.4,911.55,977.08,16.56,90.0,5.86
2022-12-22,"-25,4486111","-49,23055554",1.0,912.44,1222.55,16.33,86.17,6.35
2022-12-23,"-25,4486111","-49,23055554",0.0,912.24,1555.64,17.17,81.0,6.1
2022-12-24,"-25,4486111","-49,23055554",0.0,912.27,893.07,18.05,83.17,6.01
2022-12-25,"-25,4486111","-49,23055554",1.8,912.32,995.23,19.21,84.04,5.57
2022-12-26,"-25,4486111","-49,23055554",0.2,910.22,1520.05,21.93,80.5,4.07
2022-12-27,"-25,4486111","-49,23055554",0.0,910.02,1195.87,21.84,83.17,6.04
2022-12-28,"-25,4486111","-49,23055554",23.2,908.15,1418.28,21.72,82.5,7.24
2022-12-29,"-25,4486111","-49,23055554",0.8,910.22,1096.77,21.45,79.17,4.66
2022-12-30,"-25,4486111","-49,23055554",0.0,912.92,1563.99,20.07,67.04,5.84
2022-12-31,"-25,4486111","-49,23055554",0.0,912.86,1688.14,20.58,74.92,4.42
2022-01-01,"-1,411228","-48,439512",11.8,1008.32,1080.74,26.1,88.38,3.82
2022-01-02,"-1,411228","-48,439512",0.2,1008.43,820.67,26.66,85.54,4.27
2022-01-03,"-1,411228","-48,439512",12.2,1008.85,513.08,24.97,92.79,3.19
2022-01-04,"-1,411228","-48,439512",0.0,1007.63,999.22,25.82,86.12,3.23
2022-01-05,"-1,411228","-48,439512",5.6,1007.53,1123.37,26.98,84.62,4.07
2022-01-06,"-1,411228","-48,439512",0.0,1007.53,897.76,26.2,86.38,3.7
2022-01-07,"-1,411228","-48,439512",7.0,1007.37,926.12,26.42,88.96,3.43
2022-01-08,"-1,411228","-48,439512",15.6,1007.88,710.2,25.9,89.5,4.09
2022-01-09,"-1,411228","-48,439512",3.0,1009.4,353.5,25.37,92.25,2.25
2022-01-10,"-1,411228","-48,439512",17.6,1008.75,1098.2,26.64,85.17,3.02
2022-01-11,"-1,411228","-48,439512",18.8,1008.88,889.64,25.86,85.54,3.84
2022-01-12,"-1,411228","-48,439512",12.8,1009.54,898.77,25.58,89.12,3.43
2022-01-13,"-1,411228","-48,439512",0.2,1010.73,1422.31,25.61,88.54,3.01
2022-01-14,"-1,411228","-48,439512",6.8,1010.41,1546.7,26.41,84.78,4.18
2022-01-15,"-1,411228","-48,439512",19.0,1010.85,1064.83,25.56,89.04,3.52
2022-01-16,"-1,411228","-48,439512",6.8,1009.72,906.56,25.26,89.08,3.86
2022-01-17,"-1,411228","-48,439512",19.6,1008.9,1158.02,26.23,87.79,4.64
2022-01-18,"-1,411228","-48,439512",30.0,1009.9,611.53,25.27,92.54,4.64
2022-01-19,"-1,411228","-48,439512",5.0,1010.41,1017.34,25.35,88.33,4.64
2022-01-20,"-1,411228","-48,439512",21.0,1008.91,1038.76,26.23,88.3,4.64
2022-01-21,"-1,411228","-48,439512",1.6,1006.58,1282.88,29.62,75.8,4.64
2022-01-22,"-1,411228","-48,439512",0.0,1007.07,1398.66,27.55,82.04,4.64
2022-01-23,"-1,411228","-48,439512",0.0,1007.04,1006.04,27.12,82.17,4.64
2022-01-24,"-1,411228","-48,439512",24.2,1007.95,1114.55,25.86,85.17,4.64
2022-01-25,"-1,411228","-48,439512",39.4,1007.53,923.67,26.5,86.96,4.64
2022-01-26,"-1,411228","-48,439512",5.4,1007.11,1311.18,26.14,86.33,4.64
2022-01-27,"-1,411228","-48,439512",5.0,1007.6,810.41,25.69,87.92,4.64
2022-01-28,"-1,411228","-48,439512",15.0,1008.06,687.78,24.78,91.96,4.64
2022-01-29,"-1,411228","-48,439512",10.4,1008.2,419.21,23.85,94.79,4.64
2022-01-30,"-1,411228","-48,439512",2.0,1008.28,1272.92,26.28,86.79,4.64
2022-01-31,"-1,411228","-48,439512",1.4,1008.2,868.35,26.12,86.38,4.64
2022-02-01,"-1,411228","-48,439512",0.2,1008.02,1342.76,26.8,84.29,4.64
2022-02-02,"-1,411228","-48,439512",4.0,1008.74,1156.82,27.0,84.17,4.64
2022-02-03,"-1,411228","-48,439512",11.2,1007.85,803.88,26.44,86.04,4.64
2022-02-04,"-1,411228","-48,439512",4.6,1008.16,940.07,25.71,87.75,4.64
2022-02-05,"-1,411228","-48,439512",1.0,1007.91,1131.73,26.77,86.58,4.64
2022-02-06,"-1,411228","-48,439512",12.0,1008.38,671.41,25.7,90.79,4.64
2022-02-07,"-1,411228","-48,439512",9.6,1008.35,1031.98,26.24,89.96,4.64
2022-02-08,"-1,411228","-48,439512",1.8,1007.3,825.27,26.84,89.08,4.64
2022-02-09,"-1,411228","-48,439512",38.2,1006.76,1056.65,26.61,88.38,4.64
2022-02-10,"-1,411228","-48,439512",46.8,1007.23,665.49,25.62,90.71,4.64
2022-02-11,"-1,411228","-48,439512",3.2,1006.97,1278.71,26.71,84.65,4.64
2022-02-12,"-1,411228","-48,439512",2.8,1007.16,988.31,26.85,86.58,4.64
2022-02-13,"-1,411228","-48,439512",1.6,1007.14,1045.65,26.71,86.88,4.64
2022-02-14,"-1,411228","-48,439512",10.6,1007.18,813.26,25.94,89.39,4.64
2022-02-15,"-1,411228","-48,439512",25.4,1007.91,1042.01,26.25,87.21,4.64
2022-02-16,"-1,411228","-48,439512",4.4,1009.56,605.12,25.87,90.75,4.64
2022-02-17,"-1,411228","-48,439512",0.2,1008.41,1144.22,27.33,82.91,4.64
2022-02-18,"-1,411228","-48,439512",2.4,1006.6,1195.6,27.5,80.0,4.64
2022-02-19,"-1,411228","-48,439512",1.8,1007.13,1008.35,27.49,82.08,4.64
2022-02-20,"-1,411228","-48,439512",0.0,1008.42,930.55,26.69,86.42,4.64
2022-02-21,"-1,411228","-48,439512",1.4,1008.62,1026.89,26.31,85.92,4.64
2022-02-22,"-1,411228","-48,439512",10.4,1008.17,1183.92,26.46,87.21,4.64
2022-02-23,"-1,411228","-48,439512",0.0,1006.52,1423.18,28.76,79.21,4.64
2022-02-24,"-1,411228","-48,439512",0.2,1007.02,1115.18,28.18,78.79,4.64
2022-02-25,"-1,411228","-48,439512",49.8,1008.63,695.99,27.2,77.54,4.64
2022-02-26,"-1,411228","-48,439512",17.6,1008.35,1114.26,26.12,75.92,4.64
2022-02-27,"-1,411228","-48,439512",14.2,1007.66,1135.82,26.82,78.79,4.64
2022-02-28,"-1,411228","-48,439512",12.4,1007.37,1388.81,26.44,80.62,4.64
2022-03-01,"-1,411228","-48,439512",24.8,1008.54,846.91,26.14,79.35,4.64
2022-03-02,"-1,411228","-48,439512",10.4,1008.21,1228.83,26.83,84.46,4.64
2022-03-03,"-1,411228","-48,439512",37.0,1007.79,878.91,26.03,86.12,4.64
2022-03-04,"-1,411228","-48,439512",26.6,1007.21,1091.41,26.12,89.78,4.64
2022-03-05,"-1,411228","-48,439512",58.6,1006.67,680.53,25.64,92.71,4.64
2022-03-06,"-1,411228","-48,439512",6.2,1007.71,334.19,24.72,94.0,4.64
2022-03-07,"-1,411228","-48,439512",0.6,1006.88,1437.91,25.8,88.08,4.64
2022-03-08,"-1,411228","-48,439512",16.2,1006.53,1316.55,26.8,87.04,4.64
2022-03-09,"-1,411228","-48,439512",41.8,1006.95,717.29,26.03,92.58,4.64
2022-03-10,"-1,411228","-48,439512",4.0,1008.34,918.41,25.46,91.5,4.64
2022-03-11,"-1,411228","-48,439512",0.8,1008.76,920.56,26.22,86.67,4.64
2022-03-12,"-1,411228","-48,439512",0.0,1007.87,984.14,27.47,82.65,4.64
2022-03-13,"-1,411228","-48,439512",18.8,1008.07,1152.02,26.63,83.83,4.64
2022-03-14,"-1,411228","-48,439512",13.2,1007.3,637.26,26.19,91.0,4.64
2022-03-15,"-1,411228","-48,439512",31.8,1008.64,193.99,24.95,94.62,4.64
2022-03-16,"-1,411228","-48,439512",4.0,1008.67,974.95,25.86,90.75,4.64
2022-03-17,"-1,411228","-48,439512",16.2,1007.99,1378.99,27.02,85.46,4.64
2022-03-18,"-1,411228","-48,439512",7.2,1008.47,777.45,26.45,88.7,4.64
2022-03-19,"-1,411228","-48,439512",8.0,1009.05,1234.58,26.2,89.33,4.64
2022-03-20,"-1,411228","-48,439512",1.6,1007.67,1289.0,27.01,86.25,4.64
2022-03-21,"-1,411228","-48,439512",31.6,1007.45,968.09,26.48,88.04,4.64
2022-03-22,"-1,411228","-48,439512",14.4,1007.88,623.79,25.29,94.17,4.64
2022-03-23,"-1,411228","-48,439512",24.0,1008.23,719.16,25.78,92.79,4.64
2022-03-24,"-1,411228","-48,439512",11.0,1008.35,759.28,25.87,92.0,4.64
2022-03-25,"-1,411228","-48,439512",7.4,1007.44,1047.24,26.38,90.25,4.64
2022-03-26,"-1,411228","-48,439512",0.2,1006.68,1148.49,27.43,83.83,4.64
2022-03-27,"-1,411228","-48,439512",0.8,1007.05,704.69,26.85,87.21,4.64
2022-03-28,"-1,411228","-48,439512",55.2,1008.28,632.02,26.07,91.54,4.64
2022-03-29,"-1,411228","-48,439512",37.6,1008.25,597.05,25.35,94.04,4.64
2022-03-30,"-1,411228","-48,439512",2.0,1007.6,699.16,25.85,89.0,4.64
2022-03-31,"-1,411228","-48,439512",4.4,1008.65,686.66,25.75,89.58,2.19
2022-04-01,"-1,411228","-48,439512",26.8,1009.42,1002.85,26.56,87.0,3.05
2022-04-02,"-1,411228","-48,439512",22.6,1008.74,1101.78,26.7,88.42,3.83
2022-04-03,"-1,411228","-48,439512",18.8,1007.76,938.89,26.25,90.83,3.16
2022-04-04,"-1,411228","-48,439512",22.2,1008.48,612.53,25.4,93.42,2.46
2022-04-05,"-1,411228","-48,439512",16.8,1008.87,592.63,25.43,94.12,1.67
2022-04-06,"-1,411228","-48,439512",14.6,1008.1,1115.89,26.11,88.83,2.48
2022-04-07,"-1,411228","-48,439512",67.4,1008.3,589.04,25.56,92.67,2.13
2022-04-08,"-1,411228","-48,439512",1.6,1009.19,414.04,25.42,93.46,2.47
2022-04-09,"-1,411228","-48,439512",31.6,1008.78,1005.92,25.97,89.92,3.3
2022-04-10,"-1,411228","-48,439512",0.2,1008.12,1059.69,26.36,86.5,3.33
2022-04-11,"-1,411228","-48,439512",39.2,1007.53,367.39,25.66,91.79,2.67
2022-04-12,"-1,411228","-48,439512",11.8,1007.95,904.78,25.99,90.75,2.83
2022-04-13,"-1,411228","-48,439512",11.4,1007.68,628.85,25.62,93.04,3.03
2022-04-14,"-1,411228","-48,439512",21.4,1007.18,874.05,25.61,92.17,2.61
2022-04-15,"-1,411228","-48,439512",11.2,1007.71,717.02,25.74,92.58,2.68
2022-04-16,"-1,411228","-48,439512",30.2,1008.17,626.5,25.59,92.62,3.18
2022-04-17,"-1,411228","-48,439512",4.8,1008.11,819.88,25.95,92.67,2.72
2022-04-18,"-1,411228","-48,439512",41.2,1008.38,885.09,26.14,90.71,3.18
2022-04-19,"-1,411228","-48,439512",18.8,1008.29,1036.11,26.16,92.08,2.69
2022-04-20,"-1,411228","-48,439512",33.0,1007.92,1136.81,26.28,90.71,3.77
2022-04-21,"-1,411228","-48,439512",9.4,1007.68,966.72,26.21,91.08,2.35
2022-04-22,"-1,411228","-48,439512",13.2,1007.72,377.51,25.38,94.96,2.56
2022-04-23,"-1,411228","-48,439512",1.8,1008.74,418.66,24.96,93.92,2.48
2022-04-24,"-1,411228","-48,439512",0.0,1008.96,1127.18,26.5,86.33,3.05
2022-04-25,"-1,411228","-48,439512",8.2,1007.6,1097.37,26.94,86.21,3.85
2022-04-26,"-1,411228","-48,439512",17.4,1007.34,720.94,25.62,92.54,3.55
2022-04-27,"-1,411228","-48,439512",2.0,1007.88,562.11,24.87,93.5,2.6
2022-04-28,"-1,411228","-48,439512",3.0,1008.39,1213.92,26.25,89.25,3.74
2022-04-29,"-1,411228","-48,439512",0.4,1008.46,961.67,26.66,88.04,3.48
2022-04-30,"-1,411228","-48,439512",11.6,1008.84,932.14,26.21,90.08,3.08
2022-05-01,"-1,411228","-48,439512",8.6,1008.51,652.63,25.87,90.62,2.88
2022-05-02,"-1,411228","-48,439512",39.6,1009.35,459.07,25.63,93.92,2.3
2022-05-03,"-1,411228","-48,439512",40.2,1009.36,454.04,25.23,94.71,2.3
2022-05-04,"-1,411228","-48,439512",10.4,1009.58,849.18,25.88,91.42,2.35
2022-05-05,"-1,411228","-48,439512",0.0,1009.62,1163.07,26.38,88.38,3.2
2022-05-06,"-1,411228","-48,439512",42.8,1009.78,1157.3,26.21,90.71,3.42
2022-05-07,"-1,411228","-48,439512",33.6,1010.05,720.72,25.78,91.71,3.47
2022-05-08,"-1,411228","-48,439512",23.0,1009.72,712.44,25.52,92.38,2.85
2022-05-09,"-1,411228","-48,439512",6.4,1009.99,932.61,26.26,88.92,3.28
2022-05-10,"-1,411228","-48,439512",3.6,1010.5,513.98,25.65,91.04,3.14
2022-05-11,"-1,411228","-48,439512",26.2,1009.38,752.88,25.55,90.62,2.78
2022-05-12,"-1,411228","-48,439512",11.6,1009.02,597.45,25.4,93.0,2.54
2022-05-13,"-1,411228","-48,439512",0.6,1008.9,1204.84,26.72,87.92,2.65
2022-05-14,"-1,411228","-48,439512",17.2,1008.15,1064.08,26.57,88.71,4.76
2022-05-15,"-1,411228","-48,439512",8.6,1008.35,947.03,26.62,88.38,4.09
2022-05-16,"-1,411228","-48,439512",0.2,1008.52,1281.13,27.7,85.29,4.03
2022-05-17,"-1,411228","-48,439512",0.0,1009.01,1518.72,28.15,81.33,4.9
2022-05-18,"-1,411228","-48,439512",15.2,1009.09,928.66,26.79,78.47,3.82
2022-05-19,"-1,411228","-48,439512",2.8,1010.05,670.94,25.55,81.67,2.89
2022-05-20,"-1,411228","-48,439512",17.0,1011.89,703.69,26.18,88.0,3.32
2022-05-21,"-1,411228","-48,439512",23.2,1013.28,872.93,25.35,89.79,3.42
2022-05-22,"-1,411228","-48,439512",27.8,1012.79,611.96,25.45,90.46,3.84
2022-05-23,"-1,411228","-48,439512",34.6,1012.01,761.43,24.89,91.08,3.47
2022-05-24,"-1,411228","-48,439512",0.4,1011.06,1522.55,26.17,84.96,3.28
2022-05-25,"-1,411228","-48,439512",1.4,1010.62,1216.62,26.85,85.21,4.47
2022-05-26,"-1,411228","-48,439512",9.2,1010.52,1158.99,26.85,84.83,4.14
2022-05-27,"-1,411228","-48,439512",1.2,1010.58,1226.62,26.01,88.58,3.5
2022-05-28,"-1,411228","-48,439512",10.8,1009.39,1226.14,26.61,85.46,3.7
2022-05-29,"-1,411228","-48,439512",5.6,1008.38,1030.41,26.68,86.5,3.4
2022-05-30,"-1,411228","-48,439512",19.2,1007.66,769.21,26.22,90.08,3.65
2022-05-31,"-1,411228","-48,439512",21.4,1007.19,993.98,26.04,89.71,3.32
2022-06-01,"-1,411228","-48,439512",30.2,1007.63,1117.86,26.04,89.75,3.79
2022-06-02,"-1,411228","-48,439512",1.0,1008.46,1257.88,26.09,88.96,2.89
2022-06-03,"-1,411228","-48,439512",17.8,1009.29,940.05,25.88,88.58,2.5
2022-06-04,"-1,411228","-48,439512",21.2,1008.8,1008.06,26.1,89.25,3.95
2022-06-05,"-1,411228","-48,439512",26.8,1008.91,984.0,26.22,88.92,3.5
2022-06-06,"-1,411228","-48,439512",26.4,1009.01,1208.18,26.8,85.33,3.36
2022-06-07,"-1,411228","-48,439512",2.0,1009.4,1094.31,25.97,88.12,3.12
2022-06-08,"-1,411228","-48,439512",0.2,1008.55,1191.24,26.32,85.42,3.5
2022-06-09,"-1,411228","-48,439512",20.4,1008.89,1208.16,26.12,88.21,3.8
2022-06-10,"-1,411228","-48,439512",0.0,1010.5,1269.02,23.32,96.75,1.42
2022-06-20,"-1,411228","-48,439512",0.0,1009.16,1538.27,29.98,71.46,5.0
2022-06-21,"-1,411228","-48,439512",6.8,1009.13,1419.97,26.86,82.29,4.61
2022-06-22,"-1,411228","-48,439512",0.8,1009.06,1364.03,26.42,80.71,4.48
2022-06-23,"-1,411228","-48,439512",0.0,1009.11,1633.12,27.59,75.88,4.39
2022-06-24,"-1,411228","-48,439512",3.2,1009.11,1341.89,27.66,79.92,4.7
2022-06-25,"-1,411228","-48,439512",41.6,1008.95,1520.46,27.54,79.88,4.8
2022-06-26,"-1,411228","-48,439512",0.0,1008.61,1130.45,27.59,80.41,3.07
2022-06-27,"-1,411228","-48,439512",0.0,1008.59,1613.58,28.17,75.25,3.62
2022-06-28,"-1,411228","-48,439512",0.0,1009.65,1437.45,27.78,79.21,4.75
2022-06-29,"-1,411228","-48,439512",18.2,1010.81,780.95,26.21,86.25,3.82
2022-06-30,"-1,411228","-48,439512",0.2,1010.2,1024.32,25.62,86.38,2.73
2022-07-01,"-1,411228","-48,439512",7.0,1009.75,1317.55,27.47,81.43,4.3
2022-07-02,"-1,411228","-48,439512",13.4,1010.26,1339.52,26.27,87.5,4.4
2022-07-03,"-1,411228","-48,439512",9.6,1011.0,1067.18,25.91,88.96,4.72
2022-07-04,"-1,411228","-48,439512",13.2,1011.21,938.96,25.25,89.33,5.03
2022-07-05,"-1,411228","-48,439512",0.2,1009.76,1389.23,26.85,84.75,3.03
2022-07-06,"-1,411228","-48,439512",8.2,1009.66,1559.46,27.8,76.67,4.74
2022-07-07,"-1,411228","-48,439512",3.2,1010.33,699.65,25.82,87.25,4.58
2022-07-08,"-1,411228","-48,439512",0.0,1011.59,1307.25,26.39,83.96,5.38
2022-07-09,"-1,411228","-48,439512",0.2,1011.01,1445.45,26.97,81.17,4.55
2022-07-10,"-1,411228","-48,439512",0.2,1009.6,1428.63,27.3,79.08,3.67
2022-07-11,"-1,411228","-48,439512",0.0,1008.59,1642.59,28.11,76.96,3.85
2022-07-12,"-1,411228","-48,439512",0.2,1009.47,1305.23,27.54,81.42,4.22
2022-07-13,"-1,411228","-48,439512",25.6,1009.64,1415.86,27.27,82.92,4.11
2022-07-14,"-1,411228","-48,439512",0.4,1009.53,1426.29,26.72,85.46,4.16
2022-07-15,"-1,411228","-48,439512",18.6,1009.48,1287.53,26.96,84.54,4.24
2022-07-16,"-1,411228","-48,439512",0.2,1009.12,1611.74,27.19,83.25,3.38
2022-07-17,"-1,411228","-48,439512",0.0,1009.84,1561.39,28.26,80.12,3.82
2022-07-18,"-1,411228","-48,439512",5.6,1010.35,1184.4,27.38,84.33,4.92
2022-07-19,"-1,411228","-48,439512",1.0,1010.86,1168.68,26.8,83.33,4.08
2022-07-20,"-1,411228","-48,439512",0.4,1009.13,1610.02,27.55,80.58,3.41
2022-07-21,"-1,411228","-48,439512",0.0,1008.74,1668.23,28.33,76.83,4.11
2022-07-22,"-1,411228","-48,439512",0.0,1008.62,1760.39,28.32,73.92,4.23
2022-07-23,"-1,411228","-48,439512",0.0,1008.23,1772.34,28.93,76.92,4.6
2022-07-24,"-1,411228","-48,439512",0.0,1008.39,1612.65,28.98,75.38,4.79
2022-07-25,"-1,411228","-48,439512",0.0,1008.88,1468.65,28.65,76.92,4.18
2022-07-26,"-1,411228","-48,439512",0.0,1009.57,1345.57,28.29,77.75,4.04
2022-07-27,"-1,411228","-48,439512",0.0,1009.58,1788.15,28.66,74.46,4.51
2022-07-28,"-1,411228","-48,439512",0.0,1009.03,1731.07,28.34,73.35,4.47
2022-07-29,"-1,411228","-48,439512",0.0,1009.52,1060.59,27.81,78.33,4.38
2022-07-30,"-1,411228","-48,439512",5.6,1010.13,935.88,26.93,83.23,4.15
2022-07-31,"-1,411228","-48,439512",2.6,1010.51,972.55,26.37,85.58,3.5
2022-08-01,"-1,411228","-48,439512",2.0,1009.85,1340.09,26.63,86.17,4.02
2022-08-02,"-1,411228","-48,439512",0.0,1008.49,1602.07,27.65,79.0,4.7
2022-08-03,"-1,411228","-48,439512",0.8,1008.4,1597.89,28.47,76.29,5.82
2022-08-04,"-1,411228","-48,439512",0.8,1008.6,1604.52,27.68,80.92,5.38
2022-08-05,"-1,411228","-48,439512",0.2,1008.58,1675.22,27.5,79.17,4.48
2022-08-06,"-1,411228","-48,439512",0.0,1008.18,1699.01,28.19,74.62,5.55
2022-08-07,"-1,411228","-48,439512",0.0,1008.7,1521.04,28.21,75.67,5.03
2022-08-08,"-1,411228","-48,439512",1.8,1008.79,1698.75,27.95,78.42,4.1
2022-08-09,"-1,411228","-48,439512",0.0,1009.83,1729.19,28.8,75.33,5.01
2022-08-10,"-1,411228","-48,439512",0.0,1010.73,1512.42,28.28,75.83,4.71
2022-08-11,"-1,411228","-48,439512",0.0,1010.2,1173.58,27.38,78.29,4.48
2022-08-12,"-1,411228","-48,439512",0.0,1010.95,1721.23,28.56,76.54,4.4
2022-08-13,"-1,411228","-48,439512",0.0,1011.28,1331.52,28.78,71.21,6.08
2022-08-14,"-1,411228","-48,439512",7.6,1010.95,1521.41,28.62,73.08,5.86
2022-08-15,"-1,411228","-48,439512",15.8,1009.51,1533.08,27.57,80.54,4.52
2022-08-16,"-1,411228","-48,439512",0.0,1009.02,1641.93,28.77,72.75,4.12
2022-08-17,"-1,411228","-48,439512",0.0,1008.52,1805.13,28.62,75.96,4.83
2022-08-18,"-1,411228","-48,439512",2.6,1008.87,1268.58,27.42,79.29,5.17
2022-08-19,"-1,411228","-48,439512",3.0,1010.2,1477.86,27.65,79.92,4.6
2022-08-20,"-1,411228","-48,439512",11.4,1009.16,1315.74,27.62,80.38,4.81
2022-08-21,"-1,411228","-48,439512",0.8,1009.56,1013.64,27.25,80.04,3.69
2022-08-22,"-1,411228","-48,439512",0.0,1009.34,1510.99,27.89,77.33,4.53
2022-08-23,"-1,411228","-48,439512",49.4,1009.68,1253.76,27.12,79.21,5.29
2022-08-24,"-1,411228","-48,439512",8.0,1010.6,1340.54,26.62,85.54,4.36
2022-08-25,"-1,411228","-48,439512",0.0,1011.0,919.58,26.48,84.46,4.04
2022-08-26,"-1,411228","-48,439512",7.2,1010.7,859.08,26.0,84.46,3.88
2022-08-27,"-1,411228","-48,439512",0.0,1009.19,1361.69,27.48,79.58,4.09
2022-08-28,"-1,411228","-48,439512",0.0,1009.39,1771.72,28.17,77.0,4.79
2022-08-29,"-1,411228","-48,439512",0.0,1009.24,1848.91,28.76,76.88,4.89
2022-08-30,"-1,411228","-48,439512",43.0,1009.21,1285.31,27.5,79.83,5.02
2022-08-31,"-1,411228","-48,439512",30.2,1009.52,1381.94,26.84,85.08,3.95
2022-09-01,"-1,411228","-48,439512",0.0,1008.24,1096.53,27.81,79.43,4.7
2022-09-02,"-1,411228","-48,439512",0.0,1008.57,1389.18,28.45,76.29,5.19
2022-09-03,"-1,411228","-48,439512",0.2,1009.53,1842.12,28.78,76.5,4.96
2022-09-04,"-1,411228","-48,439512",6.0,1009.22,1517.96,28.22,78.38,5.67
2022-09-05,"-1,411228","-48,439512",24.2,1010.06,1442.43,27.76,81.83,5.4
2022-09-06,"-1,411228","-48,439512",1.4,1011.08,1138.26,26.98,83.67,5.47
2022-09-07,"-1,411228","-48,439512",7.8,1010.52,1321.02,26.98,83.08,4.81
2022-09-08,"-1,411228","-48,439512",11.4,1009.15,1014.21,27.22,83.71,4.43
2022-09-09,"-1,411228","-48,439512",0.0,1009.65,1495.01,28.11,76.17,5.26
2022-09-10,"-1,411228","-48,439512",0.0,1010.59,1705.08,28.36,76.62,5.0
2022-09-11,"-1,411228","-48,439512",0.0,1009.94,1745.05,28.44,75.25,4.74
2022-09-12,"-1,411228","-48,439512",0.0,1008.8,1500.45,28.29,75.54,5.21
2022-09-13,"-1,411228","-48,439512",17.2,1008.46,1084.34,27.5,80.67,5.18
2022-09-14,"-1,411228","-48,439512",0.2,1009.54,1621.76,27.5,82.0,4.62
2022-09-15,"-1,411228","-48,439512",3.2,1009.38,1412.15,27.48,80.62,4.75
2022-09-16,"-1,411228","-48,439512",0.0,1009.31,1563.75,28.2,76.96,4.65
2022-09-17,"-1,411228","-48,439512",0.0,1008.76,1444.28,28.32,71.5,6.06
2022-09-18,"-1,411228","-48,439512",45.6,1008.43,1146.49,26.94,79.92,5.15
2022-09-19,"-1,411228","-48,439512",0.2,1008.08,1624.95,27.49,80.29,4.54
2022-09-20,"-1,411228","-48,439512",7.8,1007.74,1103.1,27.47,80.96,5.29
2022-09-21,"-1,411228","-48,439512",0.0,1007.73,1640.63,28.6,74.0,6.03
2022-09-22,"-1,411228","-48,439512",0.0,1008.84,1710.0,28.22,74.5,4.98
2022-09-23,"-1,411228","-48,439512",0.0,1009.13,1775.3,28.27,73.17,4.8
2022-09-24,"-1,411228","-48,439512",0.4,1008.63,1436.3,28.37,74.5,4.72
2022-09-25,"-1,411228","-48,439512",11.4,1008.17,1314.62,27.45,79.88,5.13
2022-09-26,"-1,411228","-48,439512",0.6,1009.19,1397.89,27.87,77.42,4.98
2022-09-27,"-1,411228","-48,439512",0.0,1009.18,1732.77,28.0,77.54,5.31
2022-09-28,"-1,411228","-48,439512",0.8,1008.24,1561.44,28.14,78.67,5.28
2022-09-29,"-1,411228","-48,439512",13.4,1008.19,1314.43,27.05,83.0,4.31
2022-09-30,"-1,411228","-48,439512",58.2,1008.73,1120.16,26.73,83.0,5.0
2022-10-01,"-1,411228","-48,439512",16.6,1008.96,1192.93,26.11,85.79,4.59
2022-10-02,"-1,411228","-48,439512",0.2,1009.69,1529.53,27.09,82.04,5.03
2022-10-03,"-1,411228","-48,439512",9.0,1009.92,1357.48,26.73,83.04,4.58
2022-10-04,"-1,411228","-48,439512",54.4,1008.76,1155.85,26.21,84.79,4.68
2022-10-05,"-1,411228","-48,439512",16.8,1007.77,1463.83,26.83,84.12,3.91
2022-10-06,"-1,411228","-48,439512",0.0,1007.7,1673.42,28.14,76.79,5.56
2022-10-07,"-1,411228","-48,439512",0.0,1008.35,1702.96,28.5,72.62,6.2
2022-10-08,"-1,411228","-48,439512",21.4,1007.26,1469.89,27.76,80.04,4.72
2022-10-09,"-1,411228","-48,439512",9.8,1007.3,1059.02,26.91,85.04,4.92
2022-10-10,"-1,411228","-48,439512",0.2,1008.78,1674.38,28.05,77.58,5.24
2022-10-11,"-1,411228","-48,439512",0.0,1009.32,1788.42,28.32,76.54,5.05
2022-10-12,"-1,411228","-48,439512",0.0,1007.44,1467.26,27.88,79.92,4.91
2022-10-13,"-1,411228","-48,439512",2.4,1007.53,1111.98,28.29,79.38,5.17
2022-10-14,"-1,411228","-48,439512",1.2,1008.9,1058.03,28.18,79.54,4.9
2022-10-15,"-1,411228","-48,439512",2.4,1008.67,1272.33,28.17,77.91,5.0
2022-10-16,"-1,411228","-48,439512",5.2,1007.35,1029.77,27.52,82.62,4.67
2022-10-17,"-1,411228","-48,439512",0.0,1007.02,1119.66,27.5,81.33,4.6
2022-10-18,"-1,411228","-48,439512",2.0,1008.35,1331.88,27.9,79.04,5.27
2022-10-19,"-1,411228","-48,439512",0.4,1008.61,1282.71,28.32,76.29,5.36
2022-10-20,"-1,411228","-48,439512",1.6,1007.67,1243.42,28.32,76.25,5.36
2022-10-21,"-1,411228","-48,439512",12.6,1006.48,938.65,27.47,81.46,4.94
2022-10-22,"-1,411228","-48,439512",0.6,1007.6,1091.41,27.67,82.04,4.15
2022-10-23,"-1,411228","-48,439512",5.8,1008.41,1390.18,27.27,82.5,4.84
2022-10-24,"-1,411228","-48,439512",0.0,1007.78,1363.72,27.78,78.96,4.88
2022-10-25,"-1,411228","-48,439512",0.0,1007.22,1461.61,28.3,75.87,4.4
2022-10-26,"-1,411228","-48,439512",1.2,1007.71,1285.11,27.7,80.13,4.55
2022-10-27,"-1,411228","-48,439512",25.4,1007.62,1212.05,27.48,80.58,4.84
2022-10-28,"-1,411228","-48,439512",0.2,1006.94,1594.61,28.57,73.17,5.65
2022-10-29,"-1,411228","-48,439512",0.0,1006.0,1659.54,28.49,75.92,5.63
2022-10-30,"-1,411228","-48,439512",0.4,1005.22,1149.66,28.34,78.79,5.17
2022-10-31,"-1,411228","-48,439512",0.4,1007.12,1290.33,28.26,77.83,4.74
2022-11-01,"-1,411228","-48,439512",0.0,1007.81,1331.55,28.61,78.83,5.08
2022-11-02,"-1,411228","-48,439512",0.0,1008.76,1738.31,28.74,77.04,3.4
2022-11-03,"-1,411228","-48,439512",64.2,1008.46,1074.69,27.44,84.42,3.74
2022-11-04,"-1,411228","-48,439512",45.8,1008.67,329.16,25.2,94.22,2.74
2022-11-05,"-1,411228","-48,439512",3.2,1008.6,1281.05,25.92,89.92,3.51
2022-11-06,"-1,411228","-48,439512",11.0,1009.2,1119.37,26.2,86.33,3.77
2022-11-07,"-1,411228","-48,439512",5.6,1009.15,1152.06,26.17,86.13,3.99
2022-11-08,"-1,411228","-48,439512",77.6,1010.3,217.51,24.11,93.13,3.7
2022-11-09,"-1,411228","-48,439512",0.0,1009.71,1404.45,26.4,83.71,3.21
2022-11-10,"-1,411228","-48,439512",8.8,1009.13,1519.82,26.84,80.09,4.42
2022-11-11,"-1,411228","-48,439512",4.0,1007.75,1606.42,27.73,81.48,4.2
2022-11-12,"-1,411228","-48,439512",1.0,1007.2,1300.43,28.0,80.26,3.85
2022-11-13,"-1,411228","-48,439512",0.2,1007.29,941.89,27.41,83.25,4.14
2022-11-14,"-1,411228","-48,439512",0.0,1008.19,1353.85,28.03,80.21,5.15
2022-11-15,"-1,411228","-48,439512",1.4,1008.59,1377.35,28.15,79.42,4.92
2022-11-16,"-1,411228","-48,439512",0.0,1008.24,1719.65,27.88,76.25,4.78
2022-11-17,"-1,411228","-48,439512",13.4,1007.75,1182.7,27.55,81.42,4.76
2022-11-18,"-1,411228","-48,439512",17.4,1007.52,1197.94,27.27,82.08,4.24
2022-11-19,"-1,411228","-48,439512",16.6,1008.28,1071.74,26.91,84.67,4.53
2022-11-20,"-1,411228","-48,439512",0.0,1007.62,1673.48,27.49,80.79,4.31
2022-11-21,"-1,411228","-48,439512",10.4,1006.6,1402.56,27.57,81.17,4.59
2022-11-22,"-1,411228","-48,439512",0.2,1006.05,1330.42,28.2,81.25,4.51
2022-11-23,"-1,411228","-48,439512",4.4,1005.73,1202.89,27.66,82.81,5.03
2022-11-24,"-1,411228","-48,439512",1.4,1006.2,1228.62,27.46,82.65,3.53
2022-11-25,"-1,411228","-48,439512",0.4,1008.0,1383.38,27.71,79.17,3.99
2022-11-26,"-1,411228","-48,439512",52.2,1008.33,1132.39,27.24,82.83,4.88
2022-11-27,"-1,411228","-48,439512",0.2,1007.68,1764.08,27.26,82.7,4.07
2022-11-28,"-1,411228","-48,439512",6.2,1005.76,1197.65,27.96,78.7,4.23
2022-11-29,"-1,411228","-48,439512",23.2,1004.43,798.78,26.09,87.38,3.9
2022-11-30,"-1,411228","-48,439512",0.8,1004.78,954.11,26.52,85.33,2.65
2022-12-01,"-1,411228","-48,439512",1.2,1004.99,1231.49,27.98,81.48,4.76
2022-12-02,"-1,411228","-48,439512",12.2,1005.44,844.12,27.19,84.54,5.54
2022-12-03,"-1,411228","-48,439512",54.2,1005.96,775.81,25.82,89.67,3.75
2022-12-04,"-1,411228","-48,439512",5.8,1005.39,853.51,25.71,90.25,2.8
2022-12-05,"-1,411228","-48,439512",2.6,1007.22,718.87,25.19,91.62,2.66
2022-12-06,"-1,411228","-48,439512",2.8,1008.11,1362.4,26.96,84.54,3.92
2022-12-07,"-1,411228","-48,439512",13.8,1007.88,1478.12,27.65,82.29,4.5
2022-12-08,"-1,411228","-48,439512",0.0,1006.65,1132.8,27.66,81.04,4.45
2022-12-09,"-1,411228","-48,439512",4.4,1007.34,1189.66,27.94,81.5,4.26
2022-12-10,"-1,411228","-48,439512",10.6,1008.05,1345.74,26.94,83.82,4.86
2022-12-11,"-1,411228","-48,439512",8.4,1008.4,1078.28,26.57,87.83,3.28
2022-12-12,"-1,411228","-48,439512",0.6,1007.69,980.51,27.38,82.5,4.47
2022-12-13,"-1,411228","-48,439512",0.0,1007.43,1258.05,27.88,78.08,4.61
2022-12-14,"-1,411228","-48,439512",18.2,1007.53,1191.75,27.08,84.08,4.01
2022-12-15,"-1,411228","-48,439512",33.4,1007.96,1261.51,27.68,83.09,3.96
2022-12-16,"-1,411228","-48,439512",0.0,1006.45,1458.55,28.09,79.5,4.51
2022-12-17,"-1,411228","-48,439512",2.6,1005.4,1156.96,27.67,81.17,4.41
2022-12-18,"-1,411228","-48,439512",5.2,1006.72,1403.02,27.06,85.88,3.83
2022-12-19,"-1,411228","-48,439512",8.6,1007.8,1054.08,26.85,86.83,3.9
2022-12-20,"-1,411228","-48,439512",13.0,1008.24,818.87,26.18,88.29,4.04
2022-12-21,"-1,411228","-48,439512",19.8,1007.88,1055.38,26.7,85.08,3.64
2022-12-22,"-1,411228","-48,439512",24.2,1007.8,397.72,25.68,90.12,3.07
2022-12-23,"-1,411228","-48,439512",45.6,1009.83,337.24,24.19,95.52,2.15
2022-12-24,"-1,411228","-48,439512",0.0,1008.42,1306.2,26.6,84.79,3.49
2022-12-25,"-1,411228","-48,439512",5.0,1007.18,1160.08,27.01,84.04,4.47
2022-12-26,"-1,411228","-48,439512",0.8,1007.35,1155.01,27.44,82.21,3.6
2022-12-27,"-1,411228","-48,439512",9.0,1008.28,807.55,26.84,86.29,3.85
2022-12-28,"-1,411228","-48,439512",4.2,1008.95,1300.75,26.92,85.87,3.93
2022-12-29,"-1,411228","-48,439512",27.2,1010.07,901.92,25.53,91.33,2.65
2022-12-30,"-1,411228","-48,439512",0.4,1009.08,1188.6,26.64,85.21,2.9
2022-12-31,"-1,411228","-48,439512",4.4,1008.36,1426.98,27.46,82.52,4.22
2022-01-01,"-13,005515","-38,50576",0.0,1006.5,1168.88,26.47,76.12,4.63
2022-01-02,"-13,005515","-38,50576",0.0,1007.16,1901.72,26.72,74.38,3.67
2022-01-03,"-13,005515","-38,50576",0.0,1007.24,1792.65,26.72,72.75,4.4
2022-01-04,"-13,005515","-38,50576",8.8,1006.13,986.38,25.06,81.79,3.14
2022-01-05,"-13,005515","-38,50576",0.0,1005.57,1878.67,26.67,76.08,4.51
2022-01-06,"-13,005515","-38,50576",0.0,1005.27,1512.02,26.65,76.83,5.2
2022-01-07,"-13,005515","-38,50576",0.0,1004.9,1205.69,27.16,79.46,5.73
2022-01-08,"-13,005515","-38,50576",0.8,1004.95,1298.76,27.27,79.29,6.24
2022-01-09,"-13,005515","-38,50576",0.0,1006.5,964.55,26.59,80.38,4.82
2022-01-10,"-13,005515","-38,50576",0.0,1006.67,1796.35,27.16,79.5,3.94
2022-01-11,"-13,005515","-38,50576",0.0,1006.55,1929.89,27.17,77.0,4.92
2022-01-12,"-13,005515","-38,50576",0.0,1007.53,1859.47,27.34,69.92,4.9
2022-01-13,"-13,005515","-38,50576",0.0,1009.18,1704.81,26.64,76.75,3.38
2022-01-14,"-13,005515","-38,50576",0.2,1010.45,1739.86,27.43,70.62,4.81
2022-01-15,"-13,005515","-38,50576",2.0,1009.71,1760.46,27.25,73.54,5.18
2022-01-16,"-13,005515","-38,50576",10.0,1008.8,1635.21,25.69,82.88,3.7
2022-01-17,"-13,005515","-38,50576",0.0,1008.57,2006.01,27.19,74.17,3.95
2022-01-18,"-13,005515","-38,50576",0.0,1008.98,1985.05,27.01,68.88,3.9
2022-01-19,"-13,005515","-38,50576",0.8,1009.65,1747.14,26.61,80.17,3.86
2022-01-20,"-13,005515","-38,50576",0.8,1008.42,1840.71,27.3,79.83,4.12
2022-01-21,"-13,005515","-38,50576",0.0,1006.05,1977.66,28.07,75.04,3.87
2022-01-22,"-13,005515","-38,50576",2.2,1005.88,1745.99,27.48,78.29,3.9
2022-01-23,"-13,005515","-38,50576",5.4,1006.06,1187.04,26.6,81.42,4.64
2022-01-24,"-13,005515","-38,50576",0.4,1005.99,569.97,26.1,80.62,3.99
2022-01-25,"-13,005515","-38,50576",0.0,1006.36,1755.44,27.25,77.83,3.81
2022-01-26,"-13,005515","-38,50576",0.4,1006.63,1203.94,27.68,76.29,4.36
2022-01-27,"-13,005515","-38,50576",3.0,1005.54,1933.85,27.44,78.67,3.91
2022-01-28,"-13,005515","-38,50576",0.0,1004.55,1618.47,27.22,76.83,3.83
2022-01-29,"-13,005515","-38,50576",0.0,1005.22,1467.99,28.12,70.79,4.92
2022-01-30,"-13,005515","-38,50576",0.0,1007.03,1190.79,27.77,72.83,4.4
2022-01-31,"-13,005515","-38,50576",0.0,1006.87,1997.88,28.57,70.42,4.75
2022-02-01,"-13,005515","-38,50576",0.0,1006.75,2011.74,28.43,71.88,4.6
2022-02-02,"-13,005515","-38,50576",0.0,1006.93,1575.11,27.92,73.33,3.95
2022-02-03,"-13,005515","-38,50576",0.0,1006.8,1949.01,28.37,71.08,4.22
2022-02-04,"-13,005515","-38,50576",0.0,1006.52,1893.43,28.37,71.71,4.52
2022-02-05,"-13,005515","-38,50576",13.2,1006.01,977.86,26.32,81.25,4.3
2022-02-06,"-13,005515","-38,50576",1.6,1006.23,1209.7,26.81,78.58,4.22
2022-02-07,"-13,005515","-38,50576",0.0,1006.12,1703.92,27.65,76.25,4.15
2022-02-08,"-13,005515","-38,50576",0.0,1005.45,2005.34,28.18,73.38,4.19
2022-02-09,"-13,005515","-38,50576",0.0,1004.22,1849.51,28.22,73.17,4.55
2022-02-10,"-13,005515","-38,50576",0.0,1004.54,2018.4,28.32,73.21,4.67
2022-02-11,"-13,005515","-38,50576",0.2,1004.55,791.95,26.95,81.5,4.13
2022-02-12,"-13,005515","-38,50576",6.6,1004.56,640.49,26.84,83.75,3.71
2022-02-13,"-13,005515","-38,50576",1.8,1005.02,748.57,26.36,84.38,4.18
2022-02-14,"-13,005515","-38,50576",15.2,1005.7,845.87,26.14,86.83,3.64
2022-02-15,"-13,005515","-38,50576",1.4,1006.18,1714.48,27.35,80.67,4.15
2022-02-16,"-13,005515","-38,50576",0.0,1006.49,1900.26,27.76,74.08,4.09
2022-02-17,"-13,005515","-38,50576",3.8,1006.2,1397.47,27.2,75.17,3.95
2022-02-18,"-13,005515","-38,50576",0.2,1004.33,1594.98,27.22,75.42,4.41
2022-02-19,"-13,005515","-38,50576",0.0,1004.68,1215.77,27.23,76.75,4.35
2022-02-20,"-13,005515","-38,50576",0.0,1006.95,1920.72,28.32,74.04,4.64
2022-02-21,"-13,005515","-38,50576",12.4,1008.06,1273.82,26.59,81.62,3.58
2022-02-22,"-13,005515","-38,50576",0.4,1007.52,1888.03,27.36,76.83,3.6
2022-02-23,"-13,005515","-38,50576",16.2,1006.57,1559.4,26.32,82.58,3.53
2022-02-24,"-13,005515","-38,50576",28.6,1006.77,1221.71,26.11,85.42,3.52
2022-02-25,"-13,005515","-38,50576",2.8,1007.9,1956.14,27.33,78.83,4.92
2022-02-26,"-13,005515","-38,50576",1.2,1008.59,1881.58,27.42,75.92,4.77
2022-02-27,"-13,005515","-38,50576",0.8,1007.21,1955.55,27.68,72.25,4.52
2022-02-28,"-13,005515","-38,50576",0.0,1006.82,1819.73,27.58,72.08,4.77
2022-03-01,"-13,005515","-38,50576",0.2,1007.53,1890.45,27.6,71.12,4.4
2022-03-02,"-13,005515","-38,50576",0.6,1007.66,1695.62,27.65,76.0,3.96
2022-03-03,"-13,005515","-38,50576",39.8,1007.03,579.72,25.05,91.58,5.54
2022-03-04,"-13,005515","-38,50576",52.0,1006.31,330.48,24.48,94.42,4.43
2022-03-05,"-13,005515","-38,50576",8.0,1006.44,573.98,24.56,91.5,2.91
2022-03-06,"-13,005515","-38,50576",8.2,1006.08,1242.1,25.66,86.17,3.61
2022-03-07,"-13,005515","-38,50576",6.8,1005.66,1888.88,26.18,83.92,3.39
2022-03-08,"-13,005515","-38,50576",0.0,1006.08,1865.26,26.97,78.04,4.38
2022-03-09,"-13,005515","-38,50576",11.0,1006.21,1446.99,26.15,84.38,3.84
2022-03-10,"-13,005515","-38,50576",1.8,1006.28,1809.85,27.44,78.92,4.82
2022-03-11,"-13,005515","-38,50576",3.4,1006.12,1829.5,27.0,80.42,4.62
2022-03-12,"-13,005515","-38,50576",2.8,1006.21,1793.88,26.79,81.33,3.7
2022-03-13,"-13,005515","-38,50576",0.0,1006.66,1521.45,27.43,78.38,4.1
2022-03-14,"-13,005515","-38,50576",26.4,1005.08,848.22,26.48,84.42,3.42
2022-03-15,"-13,005515","-38,50576",5.8,1005.48,524.25,25.82,87.62,3.72
2022-03-16,"-13,005515","-38,50576",83.6,1006.59,1362.86,25.98,88.83,3.95
2022-03-17,"-13,005515","-38,50576",0.0,1007.7,1743.42,27.53,77.71,4.98
2022-03-18,"-13,005515","-38,50576",2.2,1007.2,1476.92,26.97,78.54,5.27
2022-03-19,"-13,005515","-38,50576",5.4,1006.74,1740.98,26.67,81.33,4.04
2022-03-20,"-13,005515","-38,50576",0.0,1006.4,1836.02,27.36,74.79,3.99
2022-03-21,"-13,005515","-38,50576",0.0,1006.22,1650.74,27.36,76.17,3.67
2022-03-22,"-13,005515","-38,50576",3.2,1006.68,1677.85,27.35,78.83,4.54
2022-03-23,"-13,005515","-38,50576",49.2,1007.58,844.82,25.29,90.04,4.92
2022-03-24,"-13,005515","-38,50576",0.2,1007.25,1706.66,26.95,76.79,4.45
2022-03-25,"-13,005515","-38,50576",0.0,1006.39,1373.61,26.75,75.46,4.08
2022-03-26,"-13,005515","-38,50576",4.6,1005.64,1554.89,26.62,80.25,3.9
2022-03-27,"-13,005515","-38,50576",1.0,1006.4,1492.61,27.19,80.12,4.2
2022-03-28,"-13,005515","-38,50576",3.0,1007.58,1654.3,27.28,75.46,4.5
2022-03-29,"-13,005515","-38,50576",10.6,1006.93,1215.88,25.89,82.71,4.75
2022-03-30,"-13,005515","-38,50576",0.2,1005.4,1731.62,26.8,80.46,4.03
2022-03-31,"-13,005515","-38,50576",0.0,1005.88,1670.34,27.3,73.83,4.16
2022-04-01,"-13,005515","-38,50576",17.0,1007.88,996.72,26.15,81.54,3.77
2022-04-02,"-13,005515","-38,50576",6.2,1008.8,1411.38,25.91,83.46,3.97
2022-04-03,"-13,005515","-38,50576",4.4,1007.88,1546.62,26.63,80.58,5.32
2022-04-04,"-13,005515","-38,50576",6.8,1007.26,1466.3,26.18,82.62,4.96
2022-04-05,"-13,005515","-38,50576",18.8,1007.24,1360.42,25.79,86.38,3.96
2022-04-06,"-13,005515","-38,50576",0.0,1006.77,1709.75,26.9,76.08,3.45
2022-04-07,"-13,005515","-38,50576",2.0,1006.99,1659.53,26.66,75.21,3.32
2022-04-08,"-13,005515","-38,50576",0.0,1007.94,1635.38,27.04,72.25,3.49
2022-04-09,"-13,005515","-38,50576",0.0,1007.22,1748.58,26.92,73.25,3.36
2022-04-10,"-13,005515","-38,50576",0.0,1005.15,1338.45,26.83,75.29,3.45
2022-04-11,"-13,005515","-38,50576",0.0,1005.06,1250.25,26.92,75.17,3.91
2022-04-12,"-13,005515","-38,50576",0.0,1005.62,1579.83,27.25,70.92,3.67
2022-04-13,"-13,005515","-38,50576",0.0,1004.76,1307.16,27.15,73.08,3.32
2022-04-14,"-13,005515","-38,50576",0.0,1003.39,1328.44,27.43,77.04,3.94
2022-04-15,"-13,005515","-38,50576",0.0,1002.72,1481.28,28.38,77.12,4.91
2022-04-16,"-13,005515","-38,50576",39.2,1004.87,277.7,25.78,88.67,6.64
2022-04-17,"-13,005515","-38,50576",52.8,1006.07,275.63,24.82,93.5,5.39
2022-04-18,"-13,005515","-38,50576",119.0,1007.3,439.23,23.67,92.67,6.9
2022-04-19,"-13,005515","-38,50576",35.8,1007.85,392.16,24.44,91.5,7.98
2022-04-20,"-13,005515","-38,50576",35.2,1007.76,298.52,24.67,90.5,8.52
2022-04-21,"-13,005515","-38,50576",16.0,1007.01,876.12,25.67,87.79,7.27
2022-04-22,"-13,005515","-38,50576",15.0,1005.96,1516.72,26.36,86.38,4.42
2022-04-23,"-13,005515","-38,50576",0.6,1006.95,1556.05,26.35,83.38,3.2
2022-04-24,"-13,005515","-38,50576",0.0,1008.34,1461.7,27.3,81.25,3.74
2022-04-25,"-13,005515","-38,50576",5.8,1008.81,1288.87,26.78,81.33,5.73
2022-04-26,"-13,005515","-38,50576",1.0,1008.21,1415.62,26.82,77.67,4.67
2022-04-27,"-13,005515","-38,50576",6.2,1007.47,1380.58,25.88,82.88,4.73
2022-04-28,"-13,005515","-38,50576",1.0,1008.86,1515.54,26.92,75.67,5.52
2022-04-29,"-13,005515","-38,50576",0.0,1008.45,1507.13,26.87,75.92,5.01
2022-04-30,"-13,005515","-38,50576",14.0,1008.64,1461.98,25.48,83.5,4.74
2022-05-01,"-13,005515","-38,50576",10.8,1008.91,1078.84,24.61,86.92,3.91
2022-05-02,"-13,005515","-38,50576",0.0,1009.16,1176.92,25.81,78.17,3.96
2022-05-03,"-13,005515","-38,50576",0.0,1008.83,1000.52,26.49,77.25,3.17
2022-05-04,"-13,005515","-38,50576",1.6,1008.39,1383.58,27.08,79.62,3.61
2022-05-05,"-13,005515","-38,50576",0.0,1008.86,1347.96,27.32,79.5,4.16
2022-05-06,"-13,005515","-38,50576",0.0,1009.78,1495.65,27.11,74.46,4.23
2022-05-07,"-13,005515","-38,50576",6.0,1009.88,1407.45,26.09,78.62,5.03
2022-05-08,"-13,005515","-38,50576",0.6,1009.57,1291.42,26.44,75.33,6.6
2022-05-09,"-13,005515","-38,50576",39.8,1009.17,520.33,24.22,88.17,7.89
2022-05-10,"-13,005515","-38,50576",26.8,1008.98,1033.79,24.06,87.29,6.72
2022-05-11,"-13,005515","-38,50576",33.8,1008.86,566.15,23.92,88.17,4.62
2022-05-12,"-13,005515","-38,50576",0.0,1008.01,1468.9,24.92,83.96,2.93
2022-05-13,"-13,005515","-38,50576",0.0,1008.8,1308.35,25.79,81.42,2.92
2022-05-14,"-13,005515","-38,50576",0.2,1009.32,1157.57,26.03,78.38,4.48
2022-05-15,"-13,005515","-38,50576",1.0,1008.07,1068.28,25.48,84.17,3.43
2022-05-16,"-13,005515","-38,50576",6.8,1008.49,554.78,25.34,87.17,4.04
2022-05-17,"-13,005515","-38,50576",0.2,1007.32,1187.54,26.09,86.79,2.95
2022-05-18,"-13,005515","-38,50576",0.0,1004.22,1247.15,27.16,82.21,4.46
2022-05-19,"-13,005515","-38,50576",4.4,1003.6,1203.07,25.95,79.08,5.14
2022-05-20,"-13,005515","-38,50576",0.4,1010.21,1060.17,25.16,65.71,5.48
2022-05-21,"-13,005515","-38,50576",0.0,1013.18,714.79,25.38,65.46,6.85
2022-05-22,"-13,005515","-38,50576",1.4,1013.13,892.11,25.28,73.21,7.73
2022-05-23,"-13,005515","-38,50576",11.2,1012.11,695.96,24.04,84.17,6.14
2022-05-24,"-13,005515","-38,50576",5.2,1012.26,996.5,25.09,75.58,8.15
2022-05-25,"-13,005515","-38,50576",16.6,1012.63,708.79,24.78,83.83,8.59
2022-05-26,"-13,005515","-38,50576",0.2,1012.75,1271.94,25.91,71.46,7.31
2022-05-27,"-13,005515","-38,50576",9.4,1012.04,1029.32,24.2,80.46,6.41
2022-05-28,"-13,005515","-38,50576",0.6,1010.15,883.74,24.38,84.0,4.83
2022-05-29,"-13,005515","-38,50576",2.0,1008.61,822.62,24.8,84.54,4.41
2022-05-30,"-13,005515","-38,50576",11.0,1007.83,569.07,24.41,91.88,2.69
2022-05-31,"-13,005515","-38,50576",0.4,1007.58,1357.82,25.44,83.88,3.13
2022-06-01,"-13,005515","-38,50576",2.0,1007.79,1138.92,25.29,80.38,4.6
2022-06-02,"-13,005515","-38,50576",24.6,1007.74,496.71,24.16,89.79,4.32
2022-06-03,"-13,005515","-38,50576",0.2,1008.54,1428.32,25.4,78.54,4.86
2022-06-04,"-13,005515","-38,50576",5.8,1009.16,1250.03,25.68,77.38,7.39
2022-06-05,"-13,005515","-38,50576",5.6,1010.34,593.05,24.46,75.83,11.27
2022-06-06,"-13,005515","-38,50576",2.2,1010.39,1202.19,23.92,76.12,8.49
2022-06-07,"-13,005515","-38,50576",2.0,1009.09,1005.37,23.72,81.46,5.3
2022-06-08,"-13,005515","-38,50576",0.0,1008.46,1513.72,23.71,82.67,2.54
2022-06-09,"-13,005515","-38,50576",0.0,1009.29,1463.62,24.33,82.58,3.08
2022-06-10,"-13,005515","-38,50576",16.8,1009.23,726.14,23.8,90.75,3.1
2022-06-11,"-13,005515","-38,50576",0.2,1008.2,1332.83,24.87,86.88,2.79
2022-06-12,"-13,005515","-38,50576",0.0,1008.95,960.4,25.38,78.71,3.48
2022-06-13,"-13,005515","-38,50576",0.0,1009.47,1171.02,25.48,81.62,3.7
2022-06-14,"-13,005515","-38,50576",4.0,1011.25,545.25,25.13,79.67,6.93
2022-06-15,"-13,005515","-38,50576",0.2,1012.18,808.18,24.35,70.92,9.64
2022-06-16,"-13,005515","-38,50576",2.0,1011.3,1043.42,23.2,79.08,7.41
2022-06-17,"-13,005515","-38,50576",0.2,1009.53,1352.88,23.81,74.21,5.79
2022-06-18,"-13,005515","-38,50576",0.0,1009.98,1478.18,23.95,80.33,3.38
2022-06-19,"-13,005515","-38,50576",0.0,1010.94,1031.82,24.17,82.25,4.63
2022-06-20,"-13,005515","-38,50576",0.6,1011.19,940.19,25.08,78.58,7.26
2022-06-21,"-13,005515","-38,50576",13.6,1010.96,1116.58,24.52,81.54,6.59
2022-06-22,"-13,005515","-38,50576",1.6,1010.55,1061.27,24.01,84.46,6.31
2022-06-23,"-13,005515","-38,50576",4.0,1010.95,1314.91,25.1,81.79,4.67
2022-06-24,"-13,005515","-38,50576",0.0,1011.09,1435.47,25.55,76.62,5.44
2022-06-25,"-13,005515","-38,50576",3.4,1010.14,1310.1,24.33,80.58,5.07
2022-06-26,"-13,005515","-38,50576",0.0,1009.73,1395.76,24.98,72.46,6.29
2022-06-27,"-13,005515","-38,50576",18.6,1011.14,404.38,23.68,81.42,9.98
2022-06-28,"-13,005515","-38,50576",4.0,1012.35,1109.79,23.23,74.71,8.63
2022-06-29,"-13,005515","-38,50576",2.8,1012.43,776.6,22.26,81.92,5.17
2022-06-30,"-13,005515","-38,50576",1.8,1010.67,791.62,23.2,86.17,3.66
2022-07-01,"-13,005515","-38,50576",5.8,1011.41,1345.8,24.22,80.12,5.78
2022-07-02,"-13,005515","-38,50576",8.0,1013.48,744.54,24.55,77.88,7.48
2022-07-03,"-13,005515","-38,50576",1.6,1014.65,1223.55,24.59,75.88,6.39
2022-07-04,"-13,005515","-38,50576",2.0,1013.32,1320.0,24.38,80.08,5.72
2022-07-05,"-13,005515","-38,50576",11.6,1012.31,824.82,23.66,83.67,6.02
2022-07-06,"-13,005515","-38,50576",5.0,1011.89,1328.12,24.3,80.29,4.67
2022-07-07,"-13,005515","-38,50576",1.2,1013.03,1490.68,24.5,76.79,4.77
2022-07-08,"-13,005515","-38,50576",14.8,1014.4,987.54,23.91,79.58,6.03
2022-07-09,"-13,005515","-38,50576",6.2,1014.0,1096.38,23.86,80.42,5.48
2022-07-10,"-13,005515","-38,50576",3.2,1012.49,1452.91,24.25,77.67,6.18
2022-07-11,"-13,005515","-38,50576",3.2,1010.68,1230.24,24.35,78.71,5.37
2022-07-12,"-13,005515","-38,50576",17.8,1010.9,826.87,23.44,89.25,4.53
2022-07-13,"-13,005515","-38,50576",0.2,1011.86,1512.22,24.72,74.38,5.5
2022-07-14,"-13,005515","-38,50576",2.0,1012.05,1465.02,24.47,77.79,5.22
2022-07-15,"-13,005515","-38,50576",1.6,1011.43,1194.42,23.66,80.96,4.35
2022-07-16,"-13,005515","-38,50576",0.2,1011.29,1557.92,24.19,73.62,4.52
2022-07-17,"-13,005515","-38,50576",1.6,1012.66,1446.99,24.4,75.17,4.83
2022-07-18,"-13,005515","-38,50576",23.4,1013.39,868.82,22.91,88.71,5.48
2022-07-19,"-13,005515","-38,50576",8.2,1013.2,1334.95,23.79,80.71,6.23
2022-07-20,"-13,005515","-38,50576",3.8,1010.81,1343.24,24.2,79.71,5.68
2022-07-21,"-13,005515","-38,50576",5.0,1010.57,1253.57,23.61,80.75,6.24
2022-07-22,"-13,005515","-38,50576",13.0,1010.9,1428.65,23.37,84.46,5.14
2022-07-23,"-13,005515","-38,50576",5.8,1011.02,1341.7,23.81,82.88,4.77
2022-07-24,"-13,005515","-38,50576",3.0,1011.65,1484.87,23.9,80.21,6.07
2022-07-25,"-13,005515","-38,50576",14.6,1012.18,893.51,23.09,78.88,7.02
2022-07-26,"-13,005515","-38,50576",4.0,1011.85,993.11,23.47,79.46,7.38
2022-07-27,"-13,005515","-38,50576",5.6,1012.02,902.32,22.84,81.46,6.33
2022-07-28,"-13,005515","-38,50576",5.2,1010.9,1254.66,22.51,85.33,4.29
2022-07-29,"-13,005515","-38,50576",0.8,1010.14,1490.3,23.48,82.83,3.04
2022-07-30,"-13,005515","-38,50576",0.0,1009.67,1233.88,24.12,84.71,4.01
2022-07-31,"-13,005515","-38,50576",0.0,1011.22,1020.49,24.45,85.71,3.51
2022-08-01,"-13,005515","-38,50576",0.0,1011.77,1455.3,24.7,77.21,4.67
2022-08-02,"-13,005515","-38,50576",0.0,1011.2,1532.14,24.84,74.04,4.7
2022-08-03,"-13,005515","-38,50576",0.0,1010.72,1238.57,24.58,73.62,5.22
2022-08-04,"-13,005515","-38,50576",3.6,1010.58,727.86,23.15,79.71,5.18
2022-08-05,"-13,005515","-38,50576",0.0,1009.99,1554.26,24.29,75.83,4.35
2022-08-06,"-13,005515","-38,50576",15.8,1010.03,1353.82,24.02,79.08,3.6
2022-08-07,"-13,005515","-38,50576",12.2,1010.65,1419.5,23.72,80.71,4.41
2022-08-08,"-13,005515","-38,50576",0.0,1010.92,1715.6,24.02,73.12,3.38
2022-08-09,"-13,005515","-38,50576",0.0,1011.48,1384.2,23.94,73.54,3.16
2022-08-10,"-13,005515","-38,50576",0.0,1011.2,850.51,23.68,73.83,2.95
2022-08-11,"-13,005515","-38,50576",0.0,1008.81,1693.17,24.54,79.62,4.46
2022-08-12,"-13,005515","-38,50576",0.0,1012.18,1430.65,25.24,81.08,4.21
2022-08-13,"-13,005515","-38,50576",1.8,1014.57,936.78,24.19,82.0,7.74
2022-08-14,"-13,005515","-38,50576",1.8,1013.98,600.53,23.51,76.62,8.59
2022-08-15,"-13,005515","-38,50576",1.6,1012.52,1340.76,24.15,71.92,6.78
2022-08-16,"-13,005515","-38,50576",2.2,1012.24,1127.65,24.04,77.62,5.65
2022-08-17,"-13,005515","-38,50576",0.0,1011.94,1514.12,24.43,72.58,5.01
2022-08-18,"-13,005515","-38,50576",0.0,1011.82,1703.06,24.6,68.21,5.32
2022-08-19,"-13,005515","-38,50576",3.6,1012.83,1339.96,23.72,76.88,5.21
2022-08-20,"-13,005515","-38,50576",5.4,1013.06,1064.75,22.85,82.29,7.8
2022-08-21,"-13,005515","-38,50576",9.0,1013.16,1209.41,22.97,80.25,8.54
2022-08-22,"-13,005515","-38,50576",7.6,1012.85,960.05,22.55,83.38,6.42
2022-08-23,"-13,005515","-38,50576",8.4,1013.2,1392.52,23.45,80.96,6.86
2022-08-24,"-13,005515","-38,50576",2.8,1013.5,1381.82,23.61,76.17,5.74
2022-08-25,"-13,005515","-38,50576",6.8,1013.87,1341.4,23.68,75.88,4.64
2022-08-26,"-13,005515","-38,50576",3.0,1013.88,1662.92,23.92,77.17,5.07
2022-08-27,"-13,005515","-38,50576",6.2,1012.45,1538.88,24.12,77.46,4.77
2022-08-28,"-13,005515","-38,50576",15.8,1012.01,805.83,22.28,89.0,3.74
2022-08-29,"-13,005515","-38,50576",0.0,1011.45,1641.1,24.31,75.25,4.11
2022-08-30,"-13,005515","-38,50576",5.4,1013.23,561.67,22.71,81.58,8.94
2022-08-31,"-13,005515","-38,50576",7.8,1014.14,883.94,21.5,82.25,10.66
2022-09-01,"-13,005515","-38,50576",2.8,1012.78,707.23,22.25,80.04,8.6
2022-09-02,"-13,005515","-38,50576",9.0,1012.3,1235.11,23.08,84.21,7.06
2022-09-03,"-13,005515","-38,50576",7.4,1012.73,1123.64,23.65,77.88,5.01
2022-09-04,"-13,005515","-38,50576",0.0,1012.48,1684.07,24.71,74.5,4.21
2022-09-05,"-13,005515","-38,50576",0.2,1014.38,1642.25,24.28,71.0,5.48
2022-09-06,"-13,005515","-38,50576",0.6,1015.2,1350.18,24.33,72.62,6.22
2022-09-07,"-13,005515","-38,50576",3.2,1014.12,1304.78,23.61,79.5,5.78
2022-09-08,"-13,005515","-38,50576",5.0,1012.16,1112.01,23.25,81.04,6.44
2022-09-09,"-13,005515","-38,50576",3.8,1012.2,1226.03,23.6,77.62,5.05
2022-09-10,"-13,005515","-38,50576",0.0,1012.41,1655.48,24.09,70.08,4.51
2022-09-11,"-13,005515","-38,50576",0.0,1010.75,1451.55,23.53,79.58,3.27
2022-09-12,"-13,005515","-38,50576",3.2,1010.88,1118.22,23.34,81.29,4.53
2022-09-13,"-13,005515","-38,50576",0.6,1009.98,1554.48,24.14,76.08,4.73
2022-09-14,"-13,005515","-38,50576",0.0,1009.55,1493.28,24.02,76.5,3.09
2022-09-15,"-13,005515","-38,50576",0.0,1009.67,1354.72,25.19,79.96,4.65
2022-09-16,"-13,005515","-38,50576",0.0,1010.29,1710.55,24.9,74.83,4.11
2022-09-17,"-13,005515","-38,50576",0.0,1009.61,1700.86,25.21,77.62,3.97
2022-09-18,"-13,005515","-38,50576",13.2,1010.12,609.42,23.28,86.25,5.72
2022-09-19,"-13,005515","-38,50576",4.6,1010.28,528.28,22.74,88.08,7.47
2022-09-20,"-13,005515","-38,50576",4.8,1008.93,1565.91,24.5,83.88,4.5
2022-09-21,"-13,005515","-38,50576",0.0,1007.71,1213.77,24.58,79.0,4.07
2022-09-22,"-13,005515","-38,50576",0.0,1007.58,760.74,24.37,81.04,4.1
2022-09-23,"-13,005515","-38,50576",0.0,1006.5,1068.49,25.57,80.92,5.32
2022-09-24,"-13,005515","-38,50576",0.0,1007.75,1409.09,26.04,80.04,5.42
2022-09-25,"-13,005515","-38,50576",0.0,1010.23,1662.71,25.78,78.42,4.42
2022-09-26,"-13,005515","-38,50576",5.6,1011.02,1773.85,25.1,78.46,4.13
2022-09-27,"-13,005515","-38,50576",0.0,1010.96,1591.67,24.91,76.71,3.42
2022-09-28,"-13,005515","-38,50576",0.4,1009.85,1835.86,25.12,79.04,4.59
2022-09-29,"-13,005515","-38,50576",0.0,1009.18,1874.97,25.38,74.46,4.43
2022-09-30,"-13,005515","-38,50576",0.0,1010.57,1834.61,25.25,74.25,3.71
2022-10-01,"-13,005515","-38,50576",0.4,1010.7,1532.81,25.22,78.92,4.44
2022-10-02,"-13,005515","-38,50576",0.0,1010.42,1728.68,25.56,75.5,4.08
2022-10-03,"-13,005515","-38,50576",0.0,1009.84,1396.06,25.67,74.79,4.77
2022-10-04,"-13,005515","-38,50576",0.0,1008.69,1829.48,25.6,69.46,5.03
2022-10-05,"-13,005515","-38,50576",0.0,1008.22,1635.79,25.86,74.12,4.95
2022-10-06,"-13,005515","-38,50576",0.2,1008.78,1522.25,26.25,80.38,5.0
2022-10-07,"-13,005515","-38,50576",0.0,1008.19,1786.43,26.53,77.62,5.38
2022-10-08,"-13,005515","-38,50576",0.0,1007.14,1808.25,26.57,75.0,5.52
2022-10-09,"-13,005515","-38,50576",0.0,1009.0,1662.8,26.68,77.04,4.39
2022-10-10,"-13,005515","-38,50576",0.4,1011.43,1699.37,26.68,75.62,5.67
2022-10-11,"-13,005515","-38,50576",0.0,1012.68,1782.62,26.52,73.25,5.68
2022-10-12,"-13,005515","-38,50576",12.6,1010.22,1655.88,25.43,76.58,6.05
2022-10-13,"-13,005515","-38,50576",0.2,1010.37,1392.67,25.35,73.21,5.54
2022-10-14,"-13,005515","-38,50576",0.0,1011.25,1918.06,25.93,69.71,4.65
2022-10-15,"-13,005515","-38,50576",4.8,1011.22,1913.54,25.6,76.33,4.84
2022-10-16,"-13,005515","-38,50576",14.8,1009.41,1362.98,24.51,81.5,4.94
2022-10-17,"-13,005515","-38,50576",0.0,1009.1,1851.89,25.69,73.46,4.76
2022-10-18,"-13,005515","-38,50576",0.0,1010.8,1890.59,26.2,71.67,5.32
2022-10-19,"-13,005515","-38,50576",0.0,1011.52,1841.95,26.28,71.54,5.31
2022-10-20,"-13,005515","-38,50576",0.0,1009.02,1926.55,26.08,69.0,5.38
2022-10-21,"-13,005515","-38,50576",0.0,1007.52,1924.06,26.31,69.75,4.98
2022-10-22,"-13,005515","-38,50576",0.0,1007.65,1926.42,26.35,72.71,4.98
2022-10-23,"-13,005515","-38,50576",0.2,1008.2,1874.02,26.6,76.29,5.6
2022-10-24,"-13,005515","-38,50576",2.6,1007.37,871.22,25.82,81.38,5.7
2022-10-25,"-13,005515","-38,50576",35.0,1006.92,759.34,24.08,85.75,5.74
2022-10-26,"-13,005515","-38,50576",4.0,1007.6,758.88,23.83,87.12,3.64
2022-10-27,"-13,005515","-38,50576",2.6,1008.8,1792.78,25.01,82.75,3.98
2022-10-28,"-13,005515","-38,50576",0.4,1008.72,1463.73,25.58,81.58,4.67
2022-10-29,"-13,005515","-38,50576",0.0,1007.49,1478.63,26.25,80.75,4.76
2022-10-30,"-13,005515","-38,50576",0.0,1006.05,1742.92,26.38,77.04,6.01
2022-10-31,"-13,005515","-38,50576",1.2,1006.28,1782.08,26.25,79.96,5.6
2022-11-01,"-13,005515","-38,50576",4.2,1006.57,1602.76,26.2,80.83,5.75
2022-11-02,"-13,005515","-38,50576",1.0,1007.03,1522.46,26.64,80.42,5.35
2022-11-03,"-13,005515","-38,50576",11.2,1006.75,756.96,24.62,89.0,5.45
2022-11-04,"-13,005515","-38,50576",6.2,1007.02,278.87,22.41,88.75,9.71
2022-11-05,"-13,005515","-38,50576",0.4,1008.5,337.36,22.46,84.5,9.24
2022-11-06,"-13,005515","-38,50576",0.0,1009.39,990.79,24.71,75.88,8.6
2022-11-07,"-13,005515","-38,50576",0.0,1009.47,1664.46,25.3,70.17,8.05
2022-11-08,"-13,005515","-38,50576",1.8,1009.32,897.12,24.68,79.71,6.39
2022-11-09,"-13,005515","-38,50576",0.0,1009.46,1301.67,25.25,85.25,4.78
2022-11-10,"-13,005515","-38,50576",0.2,1008.46,1957.48,26.62,79.12,3.9
2022-11-11,"-13,005515","-38,50576",0.4,1007.23,1913.42,26.63,79.12,4.65
2022-11-12,"-13,005515","-38,50576",0.0,1006.76,1899.99,26.57,73.92,4.3
2022-11-13,"-13,005515","-38,50576",0.0,1007.12,1900.18,26.75,74.79,4.6
2022-11-14,"-13,005515","-38,50576",0.2,1007.47,2043.76,26.96,77.5,4.77
2022-11-15,"-13,005515","-38,50576",15.8,1008.55,767.81,25.32,88.29,5.33
2022-11-16,"-13,005515","-38,50576",2.6,1007.2,1303.48,26.13,82.0,4.85
2022-11-17,"-13,005515","-38,50576",1.6,1006.15,1227.24,26.13,81.17,4.58
2022-11-18,"-13,005515","-38,50576",16.0,1006.11,518.28,24.7,86.92,4.35
2022-11-19,"-13,005515","-38,50576",41.2,1007.93,1269.97,24.48,88.75,3.89
2022-11-20,"-13,005515","-38,50576",13.6,1007.51,1422.57,25.15,85.67,3.76
2022-11-21,"-13,005515","-38,50576",3.6,1006.75,1600.32,25.83,81.12,5.28
2022-11-22,"-13,005515","-38,50576",8.2,1006.98,1759.61,25.93,80.21,5.21
2022-11-23,"-13,005515","-38,50576",0.0,1006.02,1866.23,26.31,75.62,4.44
2022-11-24,"-13,005515","-38,50576",15.0,1005.12,890.01,25.45,82.38,4.26
2022-11-25,"-13,005515","-38,50576",20.8,1005.16,641.25,25.38,85.88,4.51
2022-11-26,"-13,005515","-38,50576",5.0,1005.76,1101.86,25.55,83.46,5.08
2022-11-27,"-13,005515","-38,50576",6.2,1005.31,800.05,24.96,88.62,4.95
2022-11-28,"-13,005515","-38,50576",34.2,1002.15,786.29,24.61,87.83,4.75
2022-11-29,"-13,005515","-38,50576",0.6,999.3,1384.65,25.33,84.46,5.07
2022-11-30,"-13,005515","-38,50576",15.6,1000.06,1671.49,25.8,82.54,5.56
2022-12-01,"-13,005515","-38,50576",0.0,1003.01,1033.72,26.28,75.83,6.82
2022-12-02,"-13,005515","-38,50576",1.0,1005.87,1109.92,25.82,83.04,5.59
2022-12-03,"-13,005515","-38,50576",4.2,1006.72,943.92,24.7,89.46,4.41
2022-12-04,"-13,005515","-38,50576",1.8,1005.88,1746.52,25.2,83.17,5.1
2022-12-05,"-13,005515","-38,50576",0.2,1007.75,1630.47,25.52,77.25,4.08
2022-12-06,"-13,005515","-38,50576",6.6,1009.68,1785.18,25.53,81.79,3.75
2022-12-07,"-13,005515","-38,50576",2.8,1007.82,1784.54,25.68,82.83,3.28
2022-12-08,"-13,005515","-38,50576",0.0,1004.34,1836.98,26.48,79.17,4.69
2022-12-09,"-13,005515","-38,50576",0.0,1004.37,1371.26,27.0,78.12,6.61
2022-12-10,"-13,005515","-38,50576",0.2,1006.8,1135.99,26.75,79.46,6.29
2022-12-11,"-13,005515","-38,50576",0.0,1006.98,1176.4,26.58,81.04,4.92
2022-12-12,"-13,005515","-38,50576",0.0,1005.1,1776.64,26.89,78.25,5.95
2022-12-13,"-13,005515","-38,50576",0.0,1003.73,1926.6,27.32,74.08,6.0
2022-12-14,"-13,005515","-38,50576",0.0,1003.35,1572.55,26.9,77.08,5.76
2022-12-15,"-13,005515","-38,50576",0.0,1005.72,677.62,25.55,86.17,4.81
2022-12-16,"-13,005515","-38,50576",0.0,1004.4,1271.98,26.89,75.92,4.49
2022-12-17,"-13,005515","-38,50576",0.0,1003.23,1610.77,27.14,74.75,6.24
2022-12-18,"-13,005515","-38,50576",0.0,1005.36,1941.35,27.12,73.92,5.67
2022-12-19,"-13,005515","-38,50576",0.0,1006.49,1667.1,26.62,74.92,4.49
2022-12-20,"-13,005515","-38,50576",0.0,1005.98,1625.12,26.89,73.83,4.29
2022-12-21,"-13,005515","-38,50576",0.0,1004.28,1665.34,27.2,74.46,5.49
2022-12-22,"-13,005515","-38,50576",0.0,1003.38,1228.3,27.38,75.58,6.35
2022-12-23,"-13,005515","-38,50576",21.6,1005.3,1021.18,26.74,79.67,5.27
2022-12-24,"-13,005515","-38,50576",21.0,1006.33,799.59,26.23,81.79,5.16
2022-12-25,"-13,005515","-38,50576",1.4,1007.5,1001.11,25.66,85.0,4.16
2022-12-26,"-13,005515","-38,50576",8.4,1007.59,1641.53,25.87,83.42,5.04
2022-12-27,"-13,005515","-38,50576",0.0,1008.29,1948.45,26.86,74.5,4.44
2022-12-28,"-13,005515","-38,50576",2.2,1008.62,1960.07,26.66,79.33,4.2
2022-12-29,"-13,005515","-38,50576",0.0,1008.93,1976.97,27.34,73.42,4.66
2022-12-30,"-13,005515","-38,50576",0.0,1008.3,2089.11,27.32,72.12,4.9
2022-12-31,"-13,005515","-38,50576",1.0,1008.77,1710.61,26.95,74.17,4.25
2022-01-01,"-20,27083332","-40,30583333",0.4,1011.91,893.58,26.35,77.96,6.27
2022-01-02,"-20,27083332","-40,30583333",0.0,1012.88,1140.95,26.96,71.13,5.97
2022-01-03,"-20,27083332","-40,30583333",0.0,1012.95,1055.16,26.68,73.58,6.06
2022-01-04,"-20,27083332","-40,30583333",0.0,1011.74,2131.97,27.05,70.46,7.32
2022-01-05,"-20,27083332","-40,30583333",0.0,1010.07,1882.45,27.52,67.75,7.05
2022-01-06,"-20,27083332","-40,30583333",0.0,1008.61,1465.49,28.19,62.92,6.63
2022-01-07,"-20,27083332","-40,30583333",24.6,1008.47,686.14,25.67,85.62,4.5
2022-01-08,"-20,27083332","-40,30583333",14.4,1009.84,751.38,24.16,88.29,3.38
2022-01-09,"-20,27083332","-40,30583333",11.0,1012.09,510.19,23.52,90.42,2.43
2022-01-10,"-20,27083332","-40,30583333",0.6,1010.86,1710.86,26.54,78.88,5.75
2022-01-11,"-20,27083332","-40,30583333",0.0,1010.29,2130.03,27.77,71.0,7.23
2022-01-12,"-20,27083332","-40,30583333",0.0,1011.73,2162.81,28.11,66.75,6.99
2022-01-13,"-20,27083332","-40,30583333",0.0,1015.21,2160.73,27.1,65.46,5.3
2022-01-14,"-20,27083332","-40,30583333",0.0,1018.37,2042.93,26.01,72.29,4.52
2022-01-15,"-20,27083332","-40,30583333",0.0,1017.7,1792.89,25.82,75.5,3.52
2022-01-16,"-20,27083332","-40,30583333",0.0,1015.47,1554.5,26.21,76.92,4.05
2022-01-17,"-20,27083332","-40,30583333",0.0,1015.07,2056.12,27.21,71.29,5.12
2022-01-18,"-20,27083332","-40,30583333",0.0,1015.74,1905.47,27.44,71.83,4.68
2022-01-19,"-20,27083332","-40,30583333",0.0,1016.75,1854.69,26.84,73.13,4.76
2022-01-20,"-20,27083332","-40,30583333",0.0,1015.74,1995.73,27.52,70.83,4.43
2022-01-21,"-20,27083332","-40,30583333",0.0,1013.94,1988.21,27.04,72.5,3.89
2022-01-22,"-20,27083332","-40,30583333",16.0,1014.44,1097.92,25.24,79.88,3.58
2022-01-23,"-20,27083332","-40,30583333",0.0,1014.29,1763.47,25.98,73.5,4.16
2022-01-24,"-20,27083332","-40,30583333",0.0,1013.76,1738.06,26.18,73.29,4.51
2022-01-25,"-20,27083332","-40,30583333",3.6,1013.46,1308.79,25.08,80.25,3.58
2022-01-26,"-20,27083332","-40,30583333",0.6,1013.64,1047.51,25.58,75.29,5.79
2022-01-27,"-20,27083332","-40,30583333",0.0,1011.65,2051.38,26.71,67.96,5.87
2022-01-28,"-20,27083332","-40,30583333",0.0,1009.5,1865.46,28.04,67.0,7.52
2022-01-29,"-20,27083332","-40,30583333",0.0,1009.44,1915.47,27.78,68.29,6.86
2022-01-30,"-20,27083332","-40,30583333",0.0,1010.92,1497.26,26.74,76.38,3.9
2022-01-31,"-20,27083332","-40,30583333",0.4,1010.79,1607.14,28.15,74.29,4.7
2022-02-01,"-20,27083332","-40,30583333",5.4,1010.9,1621.8,27.46,74.92,5.19
2022-02-02,"-20,27083332","-40,30583333",50.8,1013.6,1115.53,25.38,82.0,3.75
2022-02-03,"-20,27083332","-40,30583333",5.8,1013.42,1025.69,25.1,85.21,2.98
2022-02-04,"-20,27083332","-40,30583333",1.6,1013.03,1215.97,26.02,80.92,4.72
2022-02-05,"-20,27083332","-40,30583333",1.6,1012.34,1506.9,26.0,78.46,6.51
2022-02-06,"-20,27083332","-40,30583333",0.0,1012.33,1695.12,26.73,72.46,5.68
2022-02-07,"-20,27083332","-40,30583333",0.6,1011.95,1357.8,27.06,73.75,6.22
2022-02-08,"-20,27083332","-40,30583333",0.0,1010.91,1699.55,27.74,70.04,5.77
2022-02-09,"-20,27083332","-40,30583333",0.0,1011.68,1320.55,25.18,74.38,4.73
2022-02-10,"-20,27083332","-40,30583333",0.2,1012.13,1636.37,24.81,75.12,4.13
2022-02-11,"-20,27083332","-40,30583333",1.6,1012.19,925.12,24.62,82.54,3.5
2022-02-12,"-20,27083332","-40,30583333",5.2,1012.58,965.75,24.13,87.04,2.72
2022-02-13,"-20,27083332","-40,30583333",6.2,1012.06,1513.22,25.95,79.83,4.32
2022-02-14,"-20,27083332","-40,30583333",2.2,1011.12,1934.63,26.62,78.67,4.75
2022-02-15,"-20,27083332","-40,30583333",26.0,1011.62,744.13,26.06,82.29,5.13
2022-02-16,"-20,27083332","-40,30583333",5.6,1014.14,898.21,25.47,80.33,4.1
2022-02-17,"-20,27083332","-40,30583333",0.0,1012.99,1138.18,24.95,80.92,3.52
2022-02-18,"-20,27083332","-40,30583333",4.0,1009.75,880.16,25.58,82.29,4.34
2022-02-19,"-20,27083332","-40,30583333",11.4,1010.35,1263.23,26.42,79.62,5.37
2022-02-20,"-20,27083332","-40,30583333",0.0,1013.85,1375.74,27.06,74.38,5.32
2022-02-21,"-20,27083332","-40,30583333",0.0,1015.05,2110.28,27.31,71.88,4.6
2022-02-22,"-20,27083332","-40,30583333",0.0,1014.52,2092.75,26.22,74.78,4.57
2022-02-23,"-20,27083332","-40,30583333",0.0,1012.88,1942.52,27.08,73.5,4.97
2022-02-24,"-20,27083332","-40,30583333",0.0,1013.08,2070.31,27.64,68.71,4.35
2022-02-25,"-20,27083332","-40,30583333",0.0,1015.99,2066.52,26.4,76.88,3.53
2022-02-26,"-20,27083332","-40,30583333",0.0,1016.3,1902.44,26.29,76.21,3.83
2022-02-27,"-20,27083332","-40,30583333",0.0,1014.71,2024.7,27.15,70.54,3.98
2022-02-28,"-20,27083332","-40,30583333",0.0,1014.16,1954.82,26.78,72.29,4.41
2022-03-01,"-20,27083332","-40,30583333",0.0,1014.01,2061.04,27.23,70.25,5.3
2022-03-02,"-20,27083332","-40,30583333",0.0,1014.51,2038.32,27.32,70.12,5.41
2022-03-03,"-20,27083332","-40,30583333",0.0,1014.36,1882.09,28.04,69.92,5.55
2022-03-04,"-20,27083332","-40,30583333",0.0,1013.97,1889.98,27.63,72.5,4.76
2022-03-05,"-20,27083332","-40,30583333",0.0,1013.96,1815.39,26.89,72.54,4.23
2022-03-06,"-20,27083332","-40,30583333",0.0,1014.06,1831.65,27.03,73.92,4.36
2022-03-07,"-20,27083332","-40,30583333",0.0,1013.64,1720.55,26.57,73.75,4.3
2022-03-08,"-20,27083332","-40,30583333",0.0,1014.1,1867.36,26.38,73.75,4.02
2022-03-09,"-20,27083332","-40,30583333",0.0,1014.37,1605.87,26.02,76.54,3.98
2022-03-10,"-20,27083332","-40,30583333",9.0,1014.56,828.4,24.81,84.21,3.14
2022-03-11,"-20,27083332","-40,30583333",0.2,1013.35,1902.72,26.52,75.29,4.34
2022-03-12,"-20,27083332","-40,30583333",0.0,1012.55,1973.31,27.4,71.25,5.32
2022-03-13,"-20,27083332","-40,30583333",0.0,1013.6,1955.33,27.56,71.38,4.76
2022-03-14,"-20,27083332","-40,30583333",0.0,1011.99,1814.07,27.41,73.08,4.66
2022-03-15,"-20,27083332","-40,30583333",0.0,1011.89,1697.09,27.52,71.92,5.72
2022-03-16,"-20,27083332","-40,30583333",0.0,1013.98,1362.32,27.08,73.17,4.85
2022-03-17,"-20,27083332","-40,30583333",0.0,1015.47,1413.78,26.82,75.04,4.45
2022-03-18,"-20,27083332","-40,30583333",0.0,1015.44,1735.41,26.83,71.88,4.44
2022-03-19,"-20,27083332","-40,30583333",0.0,1013.91,1629.14,26.75,74.17,4.42
2022-03-20,"-20,27083332","-40,30583333",0.0,1013.33,1718.9,27.0,70.91,4.16
2022-03-21,"-20,27083332","-40,30583333",0.0,1015.11,1654.58,25.56,77.04,5.43
2022-03-22,"-20,27083332","-40,30583333",31.0,1017.51,401.76,22.82,81.38,7.22
2022-03-23,"-20,27083332","-40,30583333",7.0,1017.6,934.26,23.92,77.92,4.64
2022-03-24,"-20,27083332","-40,30583333",4.4,1015.7,757.98,23.97,86.48,2.78
2022-03-25,"-20,27083332","-40,30583333",0.2,1012.87,1546.05,26.69,78.83,4.39
2022-03-26,"-20,27083332","-40,30583333",0.0,1011.1,1626.12,27.96,70.12,5.39
2022-03-27,"-20,27083332","-40,30583333",0.0,1012.39,1604.21,28.06,68.04,6.56
2022-03-28,"-20,27083332","-40,30583333",0.0,1014.5,1643.2,27.35,71.5,5.07
2022-03-29,"-20,27083332","-40,30583333",0.0,1014.3,1405.47,26.78,74.79,3.96
2022-03-30,"-20,27083332","-40,30583333",0.0,1012.02,1477.93,27.42,72.5,4.15
2022-03-31,"-20,27083332","-40,30583333",0.0,1011.54,1479.28,27.53,73.43,3.97
2022-04-01,"-20,27083332","-40,30583333",0.0,1015.41,1525.92,26.69,77.67,3.6
2022-04-02,"-20,27083332","-40,30583333",0.0,1016.08,1338.55,27.12,76.5,4.19
2022-04-03,"-20,27083332","-40,30583333",0.0,1016.04,1267.91,26.99,76.08,3.58
2022-04-04,"-20,27083332","-40,30583333",1.8,1015.31,1043.36,26.87,76.88,3.63
2022-04-05,"-20,27083332","-40,30583333",0.0,1013.72,1298.85,27.25,73.75,3.91
2022-04-06,"-20,27083332","-40,30583333",0.0,1013.72,921.54,26.45,78.75,3.78
2022-04-07,"-20,27083332","-40,30583333",0.0,1014.1,971.03,26.28,67.83,4.88
2022-04-08,"-20,27083332","-40,30583333",0.0,1014.87,1186.42,26.38,71.0,3.55
2022-04-09,"-20,27083332","-40,30583333",0.0,1012.68,1192.65,26.99,73.21,3.96
2022-04-10,"-20,27083332","-40,30583333",0.0,1010.93,634.98,26.74,74.42,4.44
2022-04-11,"-20,27083332","-40,30583333",2.8,1012.32,1018.43,26.08,76.25,4.9
2022-04-12,"-20,27083332","-40,30583333",0.0,1012.41,981.93,25.74,78.67,3.61
2022-04-13,"-20,27083332","-40,30583333",0.0,1010.08,1114.15,27.21,75.46,3.82
2022-04-14,"-20,27083332","-40,30583333",0.0,1008.44,1090.4,26.25,78.54,3.24
2022-04-15,"-20,27083332","-40,30583333",10.8,1010.52,727.99,24.31,73.7,6.57
2022-04-16,"-20,27083332","-40,30583333",0.0,1014.85,1211.78,23.78,57.12,5.28
2022-04-17,"-20,27083332","-40,30583333",0.0,1016.56,1201.04,24.3,60.21,6.08
2022-04-18,"-20,27083332","-40,30583333",0.0,1017.07,1144.97,24.45,60.96,5.87
2022-04-19,"-20,27083332","-40,30583333",0.0,1016.78,1106.62,23.47,72.92,4.27
2022-04-20,"-20,27083332","-40,30583333",0.0,1016.18,1152.56,23.9,74.04,3.77
2022-04-21,"-20,27083332","-40,30583333",0.0,1014.96,1139.28,23.58,76.54,3.13
2022-04-22,"-20,27083332","-40,30583333",0.0,1011.72,1061.42,25.94,70.54,3.61
2022-04-23,"-20,27083332","-40,30583333",0.0,1011.39,1071.05,26.6,65.92,5.03
2022-04-24,"-20,27083332","-40,30583333",0.0,1015.34,1062.65,26.68,71.75,5.2
2022-04-25,"-20,27083332","-40,30583333",0.0,1018.51,644.05,25.92,71.29,6.26
2022-04-26,"-20,27083332","-40,30583333",0.2,1017.02,985.24,24.59,80.58,3.42
2022-04-27,"-20,27083332","-40,30583333",0.0,1016.53,881.05,25.06,75.58,3.83
2022-04-28,"-20,27083332","-40,30583333",0.0,1017.68,979.81,25.27,76.22,4.23
2022-04-29,"-20,27083332","-40,30583333",0.0,1016.15,1329.33,29.3,55.2,5.82
2022-04-30,"-20,27083332","-40,30583333",0.0,1017.26,1518.69,27.44,64.75,4.39
2022-05-01,"-20,27083332","-40,30583333",0.0,1016.88,1861.46,29.12,55.8,6.02
2022-05-02,"-20,27083332","-40,30583333",0.0,1015.47,2321.9,31.7,43.0,7.0
2022-05-03,"-20,27083332","-40,30583333",0.0,1014.93,1505.55,29.3,58.5,6.12
2022-05-04,"-20,27083332","-40,30583333",0.0,1013.7,2325.6,31.3,48.0,10.2
2022-05-05,"-20,27083332","-40,30583333",0.0,1013.4,1156.77,31.9,52.33,5.73
2022-05-06,"-20,27083332","-40,30583333",0.0,1018.6,497.47,25.33,70.33,6.23
2022-05-07,"-20,27083332","-40,30583333",0.0,1019.65,1193.4,25.92,56.0,7.52
2022-05-08,"-20,27083332","-40,30583333",0.0,1019.37,1547.07,26.2,59.71,8.83
2022-05-09,"-20,27083332","-40,30583333",0.0,1019.12,936.89,25.14,59.0,7.64
2022-05-10,"-20,27083332","-40,30583333",0.0,1016.77,1716.6,26.1,55.86,5.23
2022-05-11,"-20,27083332","-40,30583333",0.0,1015.44,1977.1,27.78,52.6,5.12
2022-05-17,"-20,27083332","-40,30583333",0.0,1010.49,1251.4,25.35,75.0,4.37
2022-05-18,"-20,27083332","-40,30583333",0.0,1008.62,977.91,22.53,73.04,3.0
2022-05-19,"-20,27083332","-40,30583333",0.0,1010.22,1198.37,18.27,62.21,3.55
2022-05-20,"-20,27083332","-40,30583333",0.0,1017.89,1115.95,19.2,64.38,4.4
2022-05-21,"-20,27083332","-40,30583333",0.0,1022.11,1099.18,19.8,75.42,3.84
2022-05-22,"-20,27083332","-40,30583333",0.0,1022.73,1054.2,20.12,79.21,3.52
2022-05-23,"-20,27083332","-40,30583333",0.0,1022.07,683.73,20.47,78.75,2.82
2022-05-24,"-20,27083332","-40,30583333",5.8,1022.86,591.49,19.78,88.21,2.93
2022-05-25,"-20,27083332","-40,30583333",4.2,1024.05,859.53,21.69,82.5,3.31
2022-05-26,"-20,27083332","-40,30583333",1.4,1023.45,607.25,21.33,82.83,2.76
2022-05-27,"-20,27083332","-40,30583333",9.0,1021.94,613.37,19.25,90.17,2.86
2022-05-28,"-20,27083332","-40,30583333",0.4,1018.78,898.07,22.43,80.57,3.49
2022-05-29,"-20,27083332","-40,30583333",0.8,1016.38,729.2,22.32,84.17,3.6
2022-05-30,"-20,27083332","-40,30583333",2.8,1013.53,1040.29,24.13,80.35,4.48
2022-05-31,"-20,27083332","-40,30583333",0.0,1013.51,1005.83,22.41,83.96,2.9
2022-06-01,"-20,27083332","-40,30583333",0.0,1015.71,967.53,22.92,83.21,2.9
2022-06-02,"-20,27083332","-40,30583333",0.0,1013.79,992.19,24.35,76.79,2.87
2022-06-03,"-20,27083332","-40,30583333",0.0,1016.04,887.39,24.01,79.21,4.86
2022-06-04,"-20,27083332","-40,30583333",8.2,1019.87,627.88,21.09,84.83,6.74
2022-06-05,"-20,27083332","-40,30583333",0.4,1021.52,741.07,20.61,68.88,5.36
2022-06-06,"-20,27083332","-40,30583333",0.0,1019.19,707.04,19.51,76.71,3.2
2022-06-07,"-20,27083332","-40,30583333",0.0,1014.38,923.66,20.86,70.33,3.33
2022-06-08,"-20,27083332","-40,30583333",0.0,1013.35,957.69,20.41,79.67,2.64
2022-06-09,"-20,27083332","-40,30583333",0.0,1016.24,945.15,21.3,83.62,2.77
2022-06-10,"-20,27083332","-40,30583333",0.0,1015.09,879.14,23.35,74.83,4.04
2022-06-11,"-20,27083332","-40,30583333",0.0,1015.41,594.58,22.62,73.54,5.48
2022-06-12,"-20,27083332","-40,30583333",0.0,1015.85,442.18,21.65,77.5,2.75
2022-06-13,"-20,27083332","-40,30583333",0.0,1018.37,605.22,21.19,69.33,6.32
2022-06-14,"-20,27083332","-40,30583333",0.0,1021.15,830.66,20.6,68.29,5.65
2022-06-15,"-20,27083332","-40,30583333",0.0,1021.72,879.45,19.79,73.25,3.62
2022-06-16,"-20,27083332","-40,30583333",1.8,1019.75,766.78,19.87,80.79,3.1
2022-06-17,"-20,27083332","-40,30583333",0.0,1016.14,924.79,20.75,75.58,4.18
2022-06-18,"-20,27083332","-40,30583333",0.0,1014.52,918.19,22.32,70.12,3.64
2022-06-19,"-20,27083332","-40,30583333",0.4,1020.28,517.08,22.56,75.75,6.22
2022-06-20,"-20,27083332","-40,30583333",5.8,1021.5,942.95,21.42,84.21,3.46
2022-06-21,"-20,27083332","-40,30583333",0.0,1020.24,737.47,21.82,79.79,2.94
2022-06-22,"-20,27083332","-40,30583333",0.0,1018.55,931.05,22.19,80.33,3.57
2022-06-23,"-20,27083332","-40,30583333",0.0,1018.85,956.09,22.51,80.42,3.57
2022-06-24,"-20,27083332","-40,30583333",0.0,1018.9,818.98,23.25,78.88,3.95
2022-06-25,"-20,27083332","-40,30583333",0.0,1017.55,963.82,22.3,78.71,3.01
2022-06-26,"-20,27083332","-40,30583333",1.6,1019.07,460.13,21.12,72.58,6.5
2022-06-27,"-20,27083332","-40,30583333",0.4,1021.7,739.79,20.28,65.83,6.32
2022-06-28,"-20,27083332","-40,30583333",0.0,1021.17,804.56,19.35,71.21,3.51
2022-06-29,"-20,27083332","-40,30583333",0.0,1017.78,969.88,19.96,73.88,4.04
2022-06-30,"-20,27083332","-40,30583333",0.0,1017.39,780.37,20.97,76.71,5.25
2022-07-01,"-20,27083332","-40,30583333",0.0,1020.46,952.45,20.73,81.96,3.02
2022-07-02,"-20,27083332","-40,30583333",0.8,1022.98,880.05,22.34,78.67,3.88
2022-07-03,"-20,27083332","-40,30583333",0.0,1024.01,893.05,21.23,77.75,3.89
2022-07-04,"-20,27083332","-40,30583333",0.0,1023.22,798.46,21.2,79.92,3.55
2022-07-05,"-20,27083332","-40,30583333",1.2,1021.53,927.9,22.04,80.42,3.8
2022-07-06,"-20,27083332","-40,30583333",0.0,1020.85,965.84,21.7,76.71,3.9
2022-07-07,"-20,27083332","-40,30583333",0.0,1021.32,1051.49,21.97,75.74,3.92
2022-07-08,"-20,27083332","-40,30583333",0.0,1023.35,591.02,21.4,81.35,3.46
2022-07-09,"-20,27083332","-40,30583333",0.2,1023.79,651.74,19.99,85.92,3.01
2022-07-10,"-20,27083332","-40,30583333",2.4,1022.73,578.99,20.73,86.75,3.0
2022-07-11,"-20,27083332","-40,30583333",0.6,1019.45,577.1,20.62,86.12,3.4
2022-07-12,"-20,27083332","-40,30583333",0.2,1018.38,640.1,23.02,78.79,4.33
2022-07-13,"-20,27083332","-40,30583333",0.0,1019.24,1086.37,22.78,74.96,4.45
2022-07-14,"-20,27083332","-40,30583333",5.2,1021.2,603.57,20.79,88.17,2.68
2022-07-15,"-20,27083332","-40,30583333",3.6,1019.75,690.0,21.93,83.75,3.53
2022-07-16,"-20,27083332","-40,30583333",0.2,1017.9,1036.03,22.26,76.46,4.52
2022-07-17,"-20,27083332","-40,30583333",0.0,1019.4,1067.78,23.23,72.88,5.63
2022-07-18,"-20,27083332","-40,30583333",0.0,1022.43,949.98,21.84,78.09,3.91
2022-07-19,"-20,27083332","-40,30583333",0.0,1022.52,751.84,21.44,81.58,3.28
2022-07-20,"-20,27083332","-40,30583333",0.0,1020.3,991.02,21.61,80.12,3.38
2022-07-21,"-20,27083332","-40,30583333",0.0,1019.56,838.48,21.45,81.17,3.42
2022-07-22,"-20,27083332","-40,30583333",0.2,1019.28,1082.79,22.55,77.92,3.53
2022-07-23,"-20,27083332","-40,30583333",0.0,1019.37,982.09,22.25,77.83,3.57
2022-07-24,"-20,27083332","-40,30583333",0.0,1020.67,1089.18,21.45,78.0,3.33
2022-07-25,"-20,27083332","-40,30583333",3.2,1021.32,721.92,21.18,83.92,3.52
2022-07-26,"-20,27083332","-40,30583333",0.0,1021.3,908.27,21.18,81.67,3.26
2022-07-27,"-20,27083332","-40,30583333",0.0,1021.06,1076.58,20.95,80.58,2.84
2022-07-28,"-20,27083332","-40,30583333",0.0,1017.18,1007.74,21.63,74.54,4.95
2022-07-29,"-20,27083332","-40,30583333",0.0,1013.18,1027.44,24.81,60.79,6.43
2022-07-30,"-20,27083332","-40,30583333",0.0,1016.43,556.59,21.91,66.17,6.23
2022-07-31,"-20,27083332","-40,30583333",0.0,1020.24,925.31,21.9,62.79,4.4
2022-08-01,"-20,27083332","-40,30583333",0.0,1019.35,802.93,22.69,72.67,3.32
2022-08-02,"-20,27083332","-40,30583333",0.0,1017.68,768.85,23.81,72.5,5.06
2022-08-03,"-20,27083332","-40,30583333",0.0,1017.98,1008.4,22.26,79.92,3.2
2022-08-04,"-20,27083332","-40,30583333",0.0,1016.83,1059.55,22.75,75.17,4.45
2022-08-05,"-20,27083332","-40,30583333",0.0,1014.16,1051.91,23.72,67.88,5.74
2022-08-06,"-20,27083332","-40,30583333",0.0,1017.63,650.54,23.24,68.33,5.51
2022-08-07,"-20,27083332","-40,30583333",0.0,1016.49,1029.0,22.9,73.12,4.77
2022-08-08,"-20,27083332","-40,30583333",0.0,1015.7,1048.35,24.2,70.54,5.09
2022-08-09,"-20,27083332","-40,30583333",0.0,1017.96,593.41,23.16,79.04,2.87
2022-08-10,"-20,27083332","-40,30583333",0.0,1013.33,710.47,24.11,66.79,6.69
2022-08-11,"-20,27083332","-40,30583333",0.0,1013.69,859.42,23.68,59.12,5.7
2022-08-12,"-20,27083332","-40,30583333",0.0,1022.23,962.58,21.64,61.71,7.02
2022-08-13,"-20,27083332","-40,30583333",0.0,1025.22,1144.9,20.86,69.04,3.96
2022-08-14,"-20,27083332","-40,30583333",0.0,1023.69,619.2,20.14,69.04,3.12
2022-08-15,"-20,27083332","-40,30583333",1.4,1021.06,934.63,20.69,75.33,4.85
2022-08-16,"-20,27083332","-40,30583333",0.0,1018.76,964.04,22.67,70.54,5.82
2022-08-17,"-20,27083332","-40,30583333",0.0,1018.19,941.07,23.84,65.27,7.87
2022-08-18,"-20,27083332","-40,30583333",0.0,1018.7,678.02,23.48,68.75,7.81
2022-08-19,"-20,27083332","-40,30583333",0.2,1020.95,1138.85,22.8,71.71,6.78
2022-08-20,"-20,27083332","-40,30583333",0.4,1025.42,784.42,19.4,73.62,10.54
2022-08-21,"-20,27083332","-40,30583333",0.0,1025.16,1098.78,20.35,59.96,8.63
2022-08-22,"-20,27083332","-40,30583333",0.0,1023.84,558.13,19.95,67.21,6.28
2022-08-23,"-20,27083332","-40,30583333",0.0,1022.96,875.71,20.66,72.27,5.11
2022-08-24,"-20,27083332","-40,30583333",0.0,1022.23,1189.92,21.07,77.17,3.74
2022-08-25,"-20,27083332","-40,30583333",0.4,1022.49,425.42,22.23,78.54,5.44
2022-08-26,"-20,27083332","-40,30583333",0.0,1022.21,1002.0,22.62,75.58,4.27
2022-08-27,"-20,27083332","-40,30583333",0.0,1020.15,1134.59,22.52,76.46,4.74
2022-08-28,"-20,27083332","-40,30583333",0.0,1018.4,1215.42,23.21,75.12,4.99
2022-08-29,"-20,27083332","-40,30583333",4.6,1020.17,615.21,21.05,81.17,8.3
2022-08-30,"-20,27083332","-40,30583333",1.2,1025.08,759.44,18.64,68.88,8.41
2022-08-31,"-20,27083332","-40,30583333",4.0,1025.32,823.17,17.67,77.36,4.7
2022-09-01,"-20,27083332","-40,30583333",0.0,1023.43,1073.4,19.05,74.62,3.51
2022-09-02,"-20,27083332","-40,30583333",0.2,1020.89,1161.95,20.54,72.12,4.8
2022-09-03,"-20,27083332","-40,30583333",0.0,1018.3,1277.96,23.18,66.43,5.9
2022-09-04,"-20,27083332","-40,30583333",0.0,1020.25,1075.17,22.43,70.62,6.5
2022-09-05,"-20,27083332","-40,30583333",0.4,1024.46,550.98,19.98,72.54,5.11
2022-09-06,"-20,27083332","-40,30583333",0.0,1026.19,1077.68,21.04,64.92,4.77
2022-09-07,"-20,27083332","-40,30583333",0.0,1024.18,481.81,21.15,63.92,4.44
2022-09-08,"-20,27083332","-40,30583333",0.0,1019.98,1087.61,21.35,71.29,5.27
2022-09-09,"-20,27083332","-40,30583333",0.0,1018.34,1468.58,23.69,61.04,7.42
2022-09-10,"-20,27083332","-40,30583333",0.0,1016.39,1435.81,24.41,56.88,8.27
2022-09-11,"-20,27083332","-40,30583333",0.0,1017.74,521.21,22.13,70.0,6.05
2022-09-12,"-20,27083332","-40,30583333",0.0,1018.82,770.33,21.78,71.35,4.39
2022-09-13,"-20,27083332","-40,30583333",0.6,1015.3,1341.92,23.38,74.67,5.21
2022-09-14,"-20,27083332","-40,30583333",0.0,1013.91,1433.52,25.0,65.96,5.84
2022-09-15,"-20,27083332","-40,30583333",0.0,1017.27,1064.49,23.71,69.04,4.72
2022-09-16,"-20,27083332","-40,30583333",4.4,1018.03,336.66,21.47,86.05,3.7
2022-09-17,"-20,27083332","-40,30583333",14.8,1020.07,249.48,17.7,87.17,5.82
2022-09-18,"-20,27083332","-40,30583333",0.0,1019.4,959.12,20.03,65.61,5.6
2022-09-19,"-20,27083332","-40,30583333",0.0,1018.25,1739.04,20.2,70.71,3.82
2022-09-20,"-20,27083332","-40,30583333",0.0,1014.25,1472.98,23.93,65.12,5.56
2022-09-21,"-20,27083332","-40,30583333",0.0,1012.0,1186.82,24.72,71.79,5.0
2022-09-22,"-20,27083332","-40,30583333",0.0,1010.2,746.11,25.99,62.67,6.78
2022-09-23,"-20,27083332","-40,30583333",0.0,1010.69,938.32,24.18,75.25,5.8
2022-09-24,"-20,27083332","-40,30583333",0.0,1018.5,889.85,21.68,64.08,7.68
2022-09-25,"-20,27083332","-40,30583333",0.0,1020.3,409.06,21.34,72.54,3.89
2022-09-26,"-20,27083332","-40,30583333",0.0,1019.16,731.95,22.02,77.25,4.1
2022-09-27,"-20,27083332","-40,30583333",13.2,1016.92,1438.46,24.1,78.38,5.32
2022-09-28,"-20,27083332","-40,30583333",15.0,1015.2,1044.46,24.58,77.46,5.42
2022-09-29,"-20,27083332","-40,30583333",3.4,1017.0,430.77,22.09,86.46,4.67
2022-09-30,"-20,27083332","-40,30583333",2.4,1020.22,500.79,21.86,76.79,5.62
2022-10-01,"-20,27083332","-40,30583333",0.0,1019.62,937.29,21.47,73.92,3.82
2022-10-02,"-20,27083332","-40,30583333",0.0,1016.7,1790.21,24.1,68.59,4.78
2022-10-03,"-20,27083332","-40,30583333",0.0,1015.31,708.72,24.34,79.3,3.85
2022-10-04,"-20,27083332","-40,30583333",4.4,1013.55,1051.26,23.15,83.75,4.49
2022-10-05,"-20,27083332","-40,30583333",11.6,1014.9,1112.56,22.91,81.04,4.43
2022-10-06,"-20,27083332","-40,30583333",1.0,1016.11,631.58,23.88,82.62,3.87
2022-10-07,"-20,27083332","-40,30583333",0.2,1012.12,716.32,25.57,73.75,6.2
2022-10-08,"-20,27083332","-40,30583333",0.0,1012.42,1305.28,25.51,76.54,4.57
2022-10-09,"-20,27083332","-40,30583333",0.2,1015.17,1279.12,25.43,77.29,5.31
2022-10-10,"-20,27083332","-40,30583333",0.0,1018.91,1520.88,25.58,75.67,5.55
2022-10-11,"-20,27083332","-40,30583333",0.0,1020.55,1757.68,25.88,72.0,5.89
2022-10-12,"-20,27083332","-40,30583333",0.0,1017.63,1934.5,25.4,70.39,6.41
2022-10-13,"-20,27083332","-40,30583333",0.0,1017.87,1831.14,24.76,72.39,6.0
2022-10-14,"-20,27083332","-40,30583333",0.0,1018.77,1625.73,24.8,72.96,5.12
2022-10-15,"-20,27083332","-40,30583333",4.8,1020.79,1987.86,24.37,74.57,5.04
2022-10-16,"-20,27083332","-40,30583333",2.4,1018.77,1576.67,22.75,77.17,3.93
2022-10-17,"-20,27083332","-40,30583333",0.0,1016.43,1933.14,23.99,75.0,5.18
2022-10-18,"-20,27083332","-40,30583333",0.2,1018.07,1318.22,24.46,75.57,4.69
2022-10-19,"-20,27083332","-40,30583333",6.8,1019.3,805.22,22.8,86.5,4.12
2022-10-20,"-20,27083332","-40,30583333",6.6,1016.07,1329.75,24.11,77.22,5.65
2022-10-21,"-20,27083332","-40,30583333",0.0,1013.58,1577.55,25.35,70.04,7.06
2022-10-22,"-20,27083332","-40,30583333",0.0,1012.95,991.02,26.12,65.96,7.49
2022-10-23,"-20,27083332","-40,30583333",26.8,1015.98,393.93,23.26,81.29,3.77
2022-10-24,"-20,27083332","-40,30583333",0.0,1015.97,835.76,23.22,80.29,3.34
2022-10-25,"-20,27083332","-40,30583333",24.0,1014.53,1375.28,23.8,79.96,3.57
2022-10-26,"-20,27083332","-40,30583333",0.4,1015.48,1534.17,23.55,78.88,3.88
2022-10-27,"-20,27083332","-40,30583333",0.0,1014.48,1996.74,25.25,72.67,5.11
2022-10-28,"-20,27083332","-40,30583333",0.0,1013.35,2171.45,27.23,62.58,7.93
2022-10-29,"-20,27083332","-40,30583333",0.2,1012.53,1953.46,27.1,66.88,7.2
2022-10-30,"-20,27083332","-40,30583333",0.0,1010.91,1429.66,27.07,67.67,7.5
2022-10-31,"-20,27083332","-40,30583333",0.0,1010.83,841.35,26.32,72.08,7.08
2022-11-01,"-20,27083332","-40,30583333",0.0,1012.3,708.49,25.55,72.5,6.48
2022-11-02,"-20,27083332","-40,30583333",15.6,1016.79,586.44,21.99,83.46,8.63
2022-11-03,"-20,27083332","-40,30583333",34.4,1018.76,623.25,18.75,82.75,9.12
2022-11-04,"-20,27083332","-40,30583333",0.8,1017.7,1372.93,20.83,64.7,7.37
2022-11-05,"-20,27083332","-40,30583333",0.0,1017.18,2234.78,22.27,57.83,7.47
2022-11-06,"-20,27083332","-40,30583333",0.0,1018.01,2024.88,22.43,64.61,5.36
2022-11-07,"-20,27083332","-40,30583333",0.2,1017.5,1808.92,22.38,73.7,3.52
2022-11-08,"-20,27083332","-40,30583333",0.0,1016.99,1825.89,23.66,67.75,3.8
2022-11-09,"-20,27083332","-40,30583333",0.0,1016.92,941.62,23.22,71.91,3.43
2022-11-10,"-20,27083332","-40,30583333",0.0,1014.62,1556.54,25.32,71.46,4.03
2022-11-11,"-20,27083332","-40,30583333",0.0,1013.71,1582.36,26.4,72.09,5.34
2022-11-12,"-20,27083332","-40,30583333",0.0,1012.88,864.08,25.67,72.83,5.39
2022-11-13,"-20,27083332","-40,30583333",0.0,1012.16,1699.26,26.65,70.67,7.38
2022-11-14,"-20,27083332","-40,30583333",0.4,1012.88,1536.98,26.3,74.08,7.57
2022-11-15,"-20,27083332","-40,30583333",0.4,1014.35,729.98,25.92,75.21,6.21
2022-11-16,"-20,27083332","-40,30583333",62.2,1014.48,293.44,22.62,90.88,3.25
2022-11-17,"-20,27083332","-40,30583333",0.6,1014.6,1630.38,23.78,75.0,5.79
2022-11-18,"-20,27083332","-40,30583333",0.0,1015.15,2355.98,23.98,60.0,7.38
2022-11-19,"-20,27083332","-40,30583333",0.0,1016.39,2331.12,23.91,58.88,6.02
2022-11-20,"-20,27083332","-40,30583333",0.0,1015.88,1033.64,23.7,68.04,3.74
2022-11-21,"-20,27083332","-40,30583333",24.4,1015.76,721.74,22.77,87.12,4.02
2022-11-22,"-20,27083332","-40,30583333",4.2,1015.79,1014.51,23.6,81.17,3.93
2022-11-23,"-20,27083332","-40,30583333",0.8,1013.57,671.63,24.43,77.83,4.41
2022-11-24,"-20,27083332","-40,30583333",45.6,1011.65,292.52,23.07,89.75,4.3
2022-11-25,"-20,27083332","-40,30583333",46.0,1011.17,491.93,22.43,91.5,5.15
2022-11-26,"-20,27083332","-40,30583333",0.4,1011.65,1305.05,24.15,77.54,3.84
2022-11-27,"-20,27083332","-40,30583333",5.2,1011.11,906.69,24.05,87.46,4.89
2022-11-28,"-20,27083332","-40,30583333",46.8,1008.38,424.01,23.09,89.29,7.78
2022-11-29,"-20,27083332","-40,30583333",41.2,1005.86,441.16,23.45,90.0,6.24
2022-11-30,"-20,27083332","-40,30583333",14.4,1006.28,795.96,24.79,85.96,6.15
2022-12-01,"-20,27083332","-40,30583333",35.8,1010.44,403.65,24.38,89.62,5.93
2022-12-02,"-20,27083332","-40,30583333",28.6,1014.6,346.87,23.35,91.25,5.7
2022-12-03,"-20,27083332","-40,30583333",36.8,1015.93,311.82,22.58,92.7,4.13
2022-12-04,"-20,27083332","-40,30583333",35.8,1014.61,421.52,22.76,91.88,4.5
2022-12-05,"-20,27083332","-40,30583333",1.2,1015.84,1320.38,24.03,80.43,4.65
2022-12-06,"-20,27083332","-40,30583333",2.6,1017.0,895.58,24.1,80.0,4.9
2022-12-07,"-20,27083332","-40,30583333",4.0,1013.85,430.84,24.16,82.5,5.0
2022-12-08,"-20,27083332","-40,30583333",0.8,1009.38,2146.84,25.14,78.83,4.23
2022-12-09,"-20,27083332","-40,30583333",0.0,1009.34,1914.54,25.95,75.71,3.82
2022-12-10,"-20,27083332","-40,30583333",33.6,1010.58,1883.77,26.82,79.92,4.77
2022-12-11,"-20,27083332","-40,30583333",0.8,1009.0,1812.72,26.87,77.13,3.32
2022-12-12,"-20,27083332","-40,30583333",0.2,1006.22,1916.6,28.51,74.52,3.78
2022-12-13,"-20,27083332","-40,30583333",14.8,1003.53,1710.48,28.6,69.04,6.59
2022-12-14,"-20,27083332","-40,30583333",7.2,1010.41,914.72,24.32,68.62,8.33
2022-12-15,"-20,27083332","-40,30583333",0.4,1013.45,708.67,23.4,67.21,3.94
2022-12-16,"-20,27083332","-40,30583333",0.0,1009.67,1440.79,24.78,72.57,4.21
2022-12-17,"-20,27083332","-40,30583333",5.0,1007.76,1312.91,24.75,80.38,3.63
2022-12-18,"-20,27083332","-40,30583333",1.0,1011.78,1148.17,24.77,81.38,3.38
2022-12-19,"-20,27083332","-40,30583333",28.8,1013.02,415.98,23.85,92.04,2.75
2022-12-20,"-20,27083332","-40,30583333",5.0,1010.26,811.33,25.27,85.21,4.69
2022-12-21,"-20,27083332","-40,30583333",29.8,1007.38,643.5,24.84,88.54,4.66
2022-12-22,"-20,27083332","-40,30583333",5.4,1010.81,583.66,23.31,84.79,4.67
2022-12-23,"-20,27083332","-40,30583333",1.4,1014.34,811.36,23.94,73.21,5.35
2022-12-24,"-20,27083332","-40,30583333",33.8,1015.48,331.77,21.86,93.62,4.02
2022-12-25,"-20,27083332","-40,30583333",9.0,1016.63,736.61,22.23,89.83,3.07
2022-12-26,"-20,27083332","-40,30583333",4.2,1015.58,926.3,24.49,85.5,4.47
2022-12-27,"-20,27083332","-40,30583333",1.2,1015.12,1345.56,25.19,81.17,4.52
2022-12-28,"-20,27083332","-40,30583333",0.0,1014.16,1948.2,26.31,72.71,6.91
2022-12-29,"-20,27083332","-40,30583333",0.0,1013.66,2114.75,27.82,66.38,6.89
2022-12-30,"-20,27083332","-40,30583333",0.0,1014.59,2007.64,27.59,67.48,5.88
2022-12-31,"-20,27083332","-40,30583333",0.0,1016.21,1350.44,26.25,74.58,5.05
2022-01-01,"-22,98833333","-43,19055555",2.0,1004.73,848.65,24.66,82.08,4.4
2022-01-02,"-22,98833333","-43,19055555",0.2,1005.97,992.8,25.93,74.5,4.79
2022-01-03,"-22,98833333","-43,19055555",0.0,1005.25,1554.26,26.46,77.25,5.14
2022-01-04,"-22,98833333","-43,19055555",0.0,1003.6,1100.95,26.14,74.96,4.61
2022-01-05,"-22,98833333","-43,19055555",3.0,1001.19,1113.38,27.98,64.0,6.18
2022-01-06,"-22,98833333","-43,19055555",2.2,1001.48,795.09,25.5,82.58,7.24
2022-01-07,"-22,98833333","-43,19055555",12.4,1004.62,611.09,23.64,94.38,8.49
2022-01-08,"-22,98833333","-43,19055555",32.8,1007.27,520.14,22.85,95.17,6.69
2022-01-09,"-22,98833333","-43,19055555",5.8,1009.37,773.49,22.42,91.0,2.82
2022-01-10,"-22,98833333","-43,19055555",4.8,1006.46,833.72,22.08,91.0,3.23
2022-01-11,"-22,98833333","-43,19055555",30.4,1005.46,826.89,23.66,92.79,3.7
2022-01-12,"-22,98833333","-43,19055555",0.2,1007.66,1211.78,24.59,90.5,4.28
2022-01-13,"-22,98833333","-43,19055555",0.0,1011.7,1780.73,26.05,85.29,3.61
2022-01-14,"-22,98833333","-43,19055555",0.0,1014.49,2090.36,27.37,82.0,3.55
2022-01-15,"-22,98833333","-43,19055555",0.0,1013.47,1070.17,26.19,85.83,3.98
2022-01-16,"-22,98833333","-43,19055555",5.4,1010.06,1446.97,25.48,85.54,5.2
2022-01-17,"-22,98833333","-43,19055555",0.4,1008.24,2138.51,25.99,78.83,5.31
2022-01-18,"-22,98833333","-43,19055555",0.0,1008.82,2140.32,26.3,79.38,4.67
2022-01-19,"-22,98833333","-43,19055555",0.0,1010.88,1987.56,25.0,82.83,4.21
2022-01-20,"-22,98833333","-43,19055555",0.0,1010.97,2106.81,24.94,83.5,3.69
2022-01-21,"-22,98833333","-43,19055555",0.0,1009.7,1962.92,25.66,83.88,4.24
2022-01-22,"-22,98833333","-43,19055555",0.0,1009.54,2126.49,24.61,82.46,5.42
2022-01-23,"-22,98833333","-43,19055555",0.0,1008.4,2098.6,24.23,80.29,5.68
2022-01-24,"-22,98833333","-43,19055555",0.0,1007.42,2095.14,24.71,76.17,5.88
2022-01-25,"-22,98833333","-43,19055555",0.0,1007.32,2104.84,24.33,75.21,5.81
2022-01-26,"-22,98833333","-43,19055555",0.0,1006.22,2033.4,24.6,78.5,5.48
2022-01-27,"-22,98833333","-43,19055555",0.0,1003.32,2003.51,29.87,53.58,6.07
2022-01-28,"-22,98833333","-43,19055555",0.4,1003.7,1788.56,24.52,81.79,5.9
2022-01-29,"-22,98833333","-43,19055555",11.6,1004.44,1113.39,24.2,90.62,4.6
2022-01-30,"-22,98833333","-43,19055555",11.6,1006.39,685.91,23.82,90.5,4.82
2022-01-31,"-22,98833333","-43,19055555",7.8,1005.87,734.73,24.54,84.96,4.94
2022-02-01,"-22,98833333","-43,19055555",0.6,1006.2,1493.09,25.52,85.46,4.28
2022-02-02,"-22,98833333","-43,19055555",7.2,1009.94,1536.07,25.05,88.21,3.34
2022-02-03,"-22,98833333","-43,19055555",4.2,1010.05,1454.88,25.76,85.08,5.09
2022-02-04,"-22,98833333","-43,19055555",0.0,1007.73,1593.32,25.25,87.58,4.43
2022-02-05,"-22,98833333","-43,19055555",0.0,1004.67,1811.94,26.94,81.5,4.34
2022-02-06,"-22,98833333","-43,19055555",0.4,1004.4,1655.95,27.22,75.5,4.14
2022-02-07,"-22,98833333","-43,19055555",4.0,1005.86,1366.72,26.38,83.21,4.81
2022-02-08,"-22,98833333","-43,19055555",3.8,1007.42,596.2,23.9,89.17,6.83
2022-02-09,"-22,98833333","-43,19055555",10.2,1008.78,859.4,22.83,82.25,5.07
2022-02-10,"-22,98833333","-43,19055555",2.0,1009.05,1127.89,23.18,84.38,4.65
2022-02-11,"-22,98833333","-43,19055555",0.6,1009.19,962.85,23.68,82.12,3.98
2022-02-12,"-22,98833333","-43,19055555",0.2,1009.11,1537.41,24.85,80.62,3.32
2022-02-13,"-22,98833333","-43,19055555",0.0,1007.76,1957.15,25.55,78.12,4.37
2022-02-14,"-22,98833333","-43,19055555",0.0,1005.33,1613.22,26.27,84.25,3.24
2022-02-15,"-22,98833333","-43,19055555",0.0,1007.98,1468.66,25.71,87.62,6.52
2022-02-16,"-22,98833333","-43,19055555",0.0,1010.63,1451.24,25.68,80.96,3.75
2022-02-17,"-22,98833333","-43,19055555",0.6,1008.41,1879.13,25.87,76.17,5.48
2022-02-18,"-22,98833333","-43,19055555",20.4,1005.12,601.88,23.83,91.17,4.88
2022-02-19,"-22,98833333","-43,19055555",2.2,1006.57,1271.09,24.59,86.5,3.33
2022-02-20,"-22,98833333","-43,19055555",0.4,1008.74,1357.19,25.2,84.12,4.82
2022-02-21,"-22,98833333","-43,19055555",4.4,1009.47,1554.63,26.23,84.38,4.33
2022-02-22,"-22,98833333","-43,19055555",0.0,1009.4,1874.79,26.28,79.62,3.41
2022-02-23,"-22,98833333","-43,19055555",0.0,1008.01,1804.55,26.39,84.83,3.26
2022-02-24,"-22,98833333","-43,19055555",0.0,1009.83,1417.99,26.27,80.83,4.2
2022-02-25,"-22,98833333","-43,19055555",0.0,1012.62,1881.69,27.1,77.75,3.67
2022-02-26,"-22,98833333","-43,19055555",0.0,1012.05,1791.53,26.58,79.38,4.71
2022-02-27,"-22,98833333","-43,19055555",0.0,1010.42,1837.25,26.31,82.5,4.95
2022-02-28,"-22,98833333","-43,19055555",0.0,1008.03,1859.89,25.54,80.0,5.12
2022-03-01,"-22,98833333","-43,19055555",0.0,1006.54,1846.49,27.24,67.17,5.04
2022-03-02,"-22,98833333","-43,19055555",0.0,1007.77,1838.04,26.14,72.21,6.06
2022-03-03,"-22,98833333","-43,19055555",0.0,1008.02,1788.59,25.02,77.92,3.65
2022-03-04,"-22,98833333","-43,19055555",0.0,1008.92,1572.34,24.49,87.0,3.66
2022-03-05,"-22,98833333","-43,19055555",0.0,1008.51,1742.25,25.59,81.67,3.93
2022-03-06,"-22,98833333","-43,19055555",0.0,1007.65,1787.23,26.04,71.83,5.1
2022-03-07,"-22,98833333","-43,19055555",0.0,1007.02,1807.6,26.13,70.92,5.72
2022-03-08,"-22,98833333","-43,19055555",0.0,1007.48,1783.32,25.83,70.29,4.88
2022-03-09,"-22,98833333","-43,19055555",0.0,1008.87,1742.61,24.82,75.08,3.57
2022-03-10,"-22,98833333","-43,19055555",0.0,1008.23,1863.77,24.75,78.04,5.25
2022-03-11,"-22,98833333","-43,19055555",0.0,1006.22,1969.39,26.19,71.04,4.55
2022-03-12,"-22,98833333","-43,19055555",0.0,1007.05,1429.54,26.1,74.92,5.68
2022-03-13,"-22,98833333","-43,19055555",0.0,1009.05,1930.94,25.49,83.71,3.64
2022-03-14,"-22,98833333","-43,19055555",0.0,1007.01,1848.97,26.55,83.75,3.9
2022-03-15,"-22,98833333","-43,19055555",0.0,1006.82,1477.56,27.05,79.58,4.32
2022-03-16,"-22,98833333","-43,19055555",0.0,1008.18,1933.93,27.38,79.75,3.8
2022-03-17,"-22,98833333","-43,19055555",0.0,1008.6,1941.42,27.59,72.08,4.65
2022-03-18,"-22,98833333","-43,19055555",0.0,1008.6,1967.68,28.0,68.5,5.07
2022-03-19,"-22,98833333","-43,19055555",0.0,1007.43,1572.72,28.33,69.29,5.07
2022-03-20,"-22,98833333","-43,19055555",0.0,1009.49,1556.55,26.55,84.17,8.48
2022-03-21,"-22,98833333","-43,19055555",5.8,1015.35,909.85,23.98,76.12,11.09
2022-03-22,"-22,98833333","-43,19055555",0.0,1016.11,1208.17,24.26,70.21,7.22
2022-03-23,"-22,98833333","-43,19055555",0.0,1013.67,1949.66,25.55,66.54,8.48
2022-03-24,"-22,98833333","-43,19055555",0.0,1009.38,1913.93,26.06,68.67,5.83
2022-03-25,"-22,98833333","-43,19055555",0.0,1005.68,1867.86,27.68,64.62,5.76
2022-03-26,"-22,98833333","-43,19055555",0.0,1004.89,1785.6,26.57,75.29,3.78
2022-03-27,"-22,98833333","-43,19055555",0.0,1008.77,1095.73,26.15,80.12,3.52
2022-03-28,"-22,98833333","-43,19055555",0.0,1011.49,1535.4,25.65,80.42,4.56
2022-03-29,"-22,98833333","-43,19055555",0.0,1010.74,1350.1,25.46,87.79,3.63
2022-03-30,"-22,98833333","-43,19055555",0.0,1006.98,1790.36,26.55,81.54,3.96
2022-03-31,"-22,98833333","-43,19055555",2.4,1008.12,1626.04,25.91,78.75,7.03
2022-04-01,"-22,98833333","-43,19055555",129.4,1012.68,363.29,23.02,94.54,7.89
2022-04-02,"-22,98833333","-43,19055555",18.6,1013.12,521.1,23.64,95.0,10.49
2022-04-03,"-22,98833333","-43,19055555",0.0,1013.72,1265.62,24.56,88.83,3.49
2022-04-04,"-22,98833333","-43,19055555",0.0,1010.83,1805.06,25.5,83.5,4.08
2022-04-05,"-22,98833333","-43,19055555",0.0,1009.7,1480.74,25.09,87.21,6.41
2022-04-06,"-22,98833333","-43,19055555",3.8,1011.27,956.17,24.5,88.71,6.55
2022-04-07,"-22,98833333","-43,19055555",0.0,1011.32,1254.37,24.3,82.75,5.14
2022-04-08,"-22,98833333","-43,19055555",0.0,1010.43,1685.29,25.28,79.54,4.73
2022-04-09,"-22,98833333","-43,19055555",16.6,1008.1,1238.25,25.39,83.71,4.75
2022-04-10,"-22,98833333","-43,19055555",0.0,1008.5,1570.94,25.48,86.29,4.78
2022-04-11,"-22,98833333","-43,19055555",0.0,1009.09,1758.18,25.67,77.75,5.15
2022-04-12,"-22,98833333","-43,19055555",0.0,1007.02,1558.18,25.71,78.5,5.27
2022-04-13,"-22,98833333","-43,19055555",0.0,1005.08,1567.74,25.95,84.42,4.17
2022-04-14,"-22,98833333","-43,19055555",16.8,1005.49,538.3,24.38,87.75,7.04
2022-04-15,"-22,98833333","-43,19055555",15.8,1009.4,1176.62,22.72,71.62,12.52
2022-04-16,"-22,98833333","-43,19055555",2.0,1012.37,1462.28,22.08,72.67,9.67
2022-04-17,"-22,98833333","-43,19055555",1.8,1014.22,1046.95,22.04,75.79,5.06
2022-04-18,"-22,98833333","-43,19055555",0.0,1014.59,1538.42,22.78,72.54,3.24
2022-04-19,"-22,98833333","-43,19055555",0.0,1013.8,1674.53,23.32,74.67,4.26
2022-04-20,"-22,98833333","-43,19055555",0.0,1013.3,1270.92,23.22,78.75,3.95
2022-04-21,"-22,98833333","-43,19055555",0.0,1011.39,1528.94,23.43,73.54,2.96
2022-04-22,"-22,98833333","-43,19055555",0.0,1006.92,1575.26,24.09,78.71,3.27
2022-04-23,"-22,98833333","-43,19055555",0.0,1003.93,1602.23,28.34,57.92,7.79
2022-04-24,"-22,98833333","-43,19055555",0.0,1012.74,1476.68,25.1,76.38,5.71
2022-04-25,"-22,98833333","-43,19055555",0.0,1015.23,1351.3,24.69,73.79,7.76
2022-04-26,"-22,98833333","-43,19055555",0.0,1012.19,1592.31,24.85,77.04,5.06
2022-04-27,"-22,98833333","-43,19055555",0.0,1010.71,1542.1,25.31,82.92,3.5
2022-04-28,"-22,98833333","-43,19055555",0.0,1010.9,1503.82,26.58,71.62,4.57
2022-04-29,"-22,98833333","-43,19055555",0.0,1011.78,1468.98,25.85,77.5,6.65
2022-04-30,"-22,98833333","-43,19055555",1.4,1013.92,361.6,23.97,88.42,8.73
2022-05-01,"-22,98833333","-43,19055555",0.0,1010.51,1518.35,24.23,81.58,4.21
2022-05-02,"-22,98833333","-43,19055555",0.0,1009.98,1135.18,25.69,79.21,3.94
2022-05-03,"-22,98833333","-43,19055555",0.0,1008.66,1330.43,26.0,80.67,4.06
2022-05-04,"-22,98833333","-43,19055555",4.6,1005.42,1251.48,26.61,74.62,5.76
2022-05-05,"-22,98833333","-43,19055555",17.8,1009.03,1313.91,23.98,82.88,7.27
2022-05-06,"-22,98833333","-43,19055555",0.0,1015.59,1283.52,23.28,74.08,10.81
2022-05-07,"-22,98833333","-43,19055555",0.4,1017.38,819.4,22.19,75.79,5.19
2022-05-08,"-22,98833333","-43,19055555",11.6,1016.86,1058.62,22.1,81.46,5.02
2022-05-09,"-22,98833333","-43,19055555",0.0,1016.72,1514.51,22.54,71.54,3.87
2022-05-10,"-22,98833333","-43,19055555",0.0,1014.42,1193.53,22.52,71.79,4.74
2022-05-11,"-22,98833333","-43,19055555",0.0,1009.46,1291.69,23.7,75.79,4.72
2022-05-12,"-22,98833333","-43,19055555",16.6,1009.88,398.28,23.21,79.5,8.1
2022-05-13,"-22,98833333","-43,19055555",0.0,1013.77,952.27,22.92,69.17,4.28
2022-05-14,"-22,98833333","-43,19055555",13.2,1014.36,1338.99,22.98,79.04,5.01
2022-05-15,"-22,98833333","-43,19055555",0.0,1009.27,556.32,22.67,75.0,5.83
2022-05-16,"-22,98833333","-43,19055555",5.6,1008.42,620.59,23.9,73.0,6.75
2022-05-17,"-22,98833333","-43,19055555",1.6,1008.5,700.34,21.48,80.29,6.29
2022-05-18,"-22,98833333","-43,19055555",0.0,1005.4,1446.68,20.28,53.21,7.25
2022-05-19,"-22,98833333","-43,19055555",1.0,1006.98,936.22,19.62,53.96,13.19
2022-05-20,"-22,98833333","-43,19055555",7.2,1014.73,798.42,19.55,75.5,13.59
2022-05-21,"-22,98833333","-43,19055555",0.0,1018.67,1350.8,19.89,74.67,3.93
2022-05-22,"-22,98833333","-43,19055555",0.0,1018.46,1361.42,20.92,75.79,4.86
2022-05-23,"-22,98833333","-43,19055555",0.0,1017.05,1341.59,21.42,73.67,5.06
2022-05-24,"-22,98833333","-43,19055555",0.0,1017.52,1318.41,22.23,70.04,5.67
2022-05-25,"-22,98833333","-43,19055555",0.0,1019.36,1204.78,22.91,68.5,5.8
2022-05-26,"-22,98833333","-43,19055555",0.0,1018.39,752.21,22.47,72.14,4.54
2022-05-27,"-22,98833333","-43,19055555",0.0,1016.06,1179.13,22.84,74.83,3.57
2022-05-28,"-22,98833333","-43,19055555",0.0,1012.53,1084.12,23.85,63.12,3.84
2022-05-29,"-22,98833333","-43,19055555",0.0,1008.99,1322.36,24.85,56.29,5.43
2022-05-30,"-22,98833333","-43,19055555",0.0,1006.86,1136.33,25.62,59.21,6.11
2022-05-31,"-22,98833333","-43,19055555",0.0,1010.48,669.87,22.97,85.92,4.89
2022-06-01,"-22,98833333","-43,19055555",0.0,1011.32,886.83,23.02,88.08,2.83
2022-06-02,"-22,98833333","-43,19055555",0.0,1009.82,522.57,22.52,90.12,6.87
2022-06-03,"-22,98833333","-43,19055555",8.4,1013.62,433.79,21.09,86.04,7.49
2022-06-04,"-22,98833333","-43,19055555",13.8,1018.08,361.78,19.1,87.62,6.18
2022-06-05,"-22,98833333","-43,19055555",0.8,1018.12,1135.71,19.88,75.54,5.98
2022-06-06,"-22,98833333","-43,19055555",0.0,1012.94,1248.52,20.42,69.33,5.42
2022-06-07,"-22,98833333","-43,19055555",0.0,1008.75,1006.88,22.83,69.96,4.1
2022-06-08,"-22,98833333","-43,19055555",0.0,1009.74,801.98,22.05,84.83,5.0
2022-06-09,"-22,98833333","-43,19055555",0.0,1012.55,527.3,21.98,85.04,3.81
2022-06-10,"-22,98833333","-43,19055555",2.4,1010.05,319.4,22.34,81.25,7.6
2022-06-11,"-22,98833333","-43,19055555",9.0,1013.0,284.33,19.43,89.88,8.48
2022-06-12,"-22,98833333","-43,19055555",2.0,1013.1,512.59,18.95,84.83,7.67
2022-06-13,"-22,98833333","-43,19055555",0.0,1016.46,1117.17,19.72,64.29,11.85
2022-06-14,"-22,98833333","-43,19055555",16.0,1018.35,502.59,19.05,84.5,6.91
2022-06-15,"-22,98833333","-43,19055555",0.0,1018.07,971.49,19.69,71.29,4.2
2022-06-16,"-22,98833333","-43,19055555",0.0,1015.19,1238.97,19.77,73.17,3.9
2022-06-17,"-22,98833333","-43,19055555",0.0,1009.3,1250.43,20.68,76.04,5.28
2022-06-18,"-22,98833333","-43,19055555",9.2,1009.54,614.71,22.22,72.79,6.56
2022-06-19,"-22,98833333","-43,19055555",13.0,1018.08,245.23,19.33,88.54,5.36
2022-06-20,"-22,98833333","-43,19055555",0.0,1016.65,1073.49,20.28,80.46,4.12
2022-06-21,"-22,98833333","-43,19055555",0.0,1014.6,1188.53,21.45,84.08,3.29
2022-06-22,"-22,98833333","-43,19055555",0.0,1011.65,1192.2,23.18,71.21,4.1
2022-06-23,"-22,98833333","-43,19055555",0.0,1012.28,1218.42,23.47,69.42,3.5
2022-06-24,"-22,98833333","-43,19055555",0.0,1013.09,1188.58,22.53,72.54,4.02
2022-06-25,"-22,98833333","-43,19055555",0.0,1014.89,950.42,20.5,85.42,7.15
2022-06-26,"-22,98833333","-43,19055555",4.0,1017.31,419.65,20.11,77.71,9.05
2022-06-27,"-22,98833333","-43,19055555",3.8,1018.66,745.08,18.66,78.0,4.79
2022-06-28,"-22,98833333","-43,19055555",0.0,1015.08,1231.35,19.72,68.12,4.74
2022-06-29,"-22,98833333","-43,19055555",0.0,1010.44,1179.46,23.5,60.08,4.28
2022-06-30,"-22,98833333","-43,19055555",0.0,1014.03,743.49,21.01,74.75,7.15
2022-07-01,"-22,98833333","-43,19055555",0.0,1015.98,952.39,20.3,78.79,4.38
2022-07-02,"-22,98833333","-43,19055555",0.4,1016.51,1233.02,21.45,76.62,4.18
2022-07-03,"-22,98833333","-43,19055555",0.0,1016.98,1232.01,23.3,65.54,2.9
2022-07-04,"-22,98833333","-43,19055555",0.0,1016.82,1244.61,22.44,71.54,2.96
2022-07-05,"-22,98833333","-43,19055555",0.0,1014.58,1265.94,23.43,61.5,4.52
2022-07-06,"-22,98833333","-43,19055555",0.0,1014.09,1269.02,23.18,62.83,3.98
2022-07-07,"-22,98833333","-43,19055555",0.0,1014.52,1277.83,23.8,59.12,5.04
2022-07-08,"-22,98833333","-43,19055555",0.0,1017.27,1216.73,23.02,66.33,3.15
2022-07-09,"-22,98833333","-43,19055555",0.0,1019.21,1113.49,21.58,75.62,3.86
2022-07-10,"-22,98833333","-43,19055555",0.0,1016.34,1251.79,22.43,78.62,5.45
2022-07-11,"-22,98833333","-43,19055555",0.0,1012.03,1292.89,23.0,66.54,5.3
2022-07-12,"-22,98833333","-43,19055555",0.0,1010.01,1169.61,26.11,47.08,5.77
2022-07-13,"-22,98833333","-43,19055555",0.0,1016.12,471.95,22.53,76.71,7.4
2022-07-14,"-22,98833333","-43,19055555",37.2,1016.76,806.48,21.7,90.67,6.62
2022-07-15,"-22,98833333","-43,19055555",0.0,1012.28,1272.75,23.09,72.42,5.0
2022-07-16,"-22,98833333","-43,19055555",0.0,1009.61,1086.15,25.11,59.58,5.3
2022-07-17,"-22,98833333","-43,19055555",0.0,1011.56,1197.09,26.06,55.75,6.06
2022-07-18,"-22,98833333","-43,19055555",0.2,1018.76,778.36,21.85,88.21,5.93
2022-07-19,"-22,98833333","-43,19055555",0.0,1018.06,1180.45,22.2,86.58,4.26
2022-07-20,"-22,98833333","-43,19055555",0.4,1017.61,752.02,21.95,87.46,2.69
2022-07-21,"-22,98833333","-43,19055555",0.0,1016.0,1281.32,21.8,83.29,5.8
2022-07-22,"-22,98833333","-43,19055555",0.0,1014.05,1303.52,21.84,74.75,3.54
2022-07-23,"-22,98833333","-43,19055555",0.0,1013.43,1340.38,22.37,69.62,3.05
2022-07-24,"-22,98833333","-43,19055555",0.0,1014.82,1384.3,22.72,63.71,3.89
2022-07-25,"-22,98833333","-43,19055555",0.0,1015.84,1378.24,22.04,68.04,3.62
2022-07-26,"-22,98833333","-43,19055555",0.0,1016.62,1255.72,21.9,79.17,3.95
2022-07-27,"-22,98833333","-43,19055555",0.0,1016.03,1368.97,22.27,75.67,4.46
2022-07-28,"-22,98833333","-43,19055555",0.0,1009.78,1356.66,24.86,52.25,5.58
2022-07-29,"-22,98833333","-43,19055555",6.2,1006.35,1126.75,25.38,46.46,11.7
2022-07-30,"-22,98833333","-43,19055555",1.4,1013.33,723.32,20.05,61.42,8.8
2022-07-31,"-22,98833333","-43,19055555",0.0,1016.47,918.06,20.12,60.88,4.01
2022-08-01,"-22,98833333","-43,19055555",0.0,1014.03,1403.48,20.96,66.71,4.68
2022-08-02,"-22,98833333","-43,19055555",0.0,1013.5,1316.07,21.92,81.71,4.89
2022-08-03,"-22,98833333","-43,19055555",0.0,1014.81,1270.6,21.77,74.67,3.36
2022-08-04,"-22,98833333","-43,19055555",0.0,1010.66,1364.7,23.4,66.46,4.58
2022-08-05,"-22,98833333","-43,19055555",0.0,1007.24,1405.88,27.52,44.25,10.79
2022-08-06,"-22,98833333","-43,19055555",2.8,1014.76,373.71,20.48,76.33,6.26
2022-08-07,"-22,98833333","-43,19055555",0.0,1011.72,781.85,21.22,74.83,5.51
2022-08-08,"-22,98833333","-43,19055555",0.4,1012.06,217.82,21.93,80.33,4.91
2022-08-09,"-22,98833333","-43,19055555",0.2,1014.23,548.78,21.83,81.92,4.55
2022-08-10,"-22,98833333","-43,19055555",16.6,1007.48,281.17,21.25,83.04,6.92
2022-08-11,"-22,98833333","-43,19055555",11.2,1011.44,1240.56,19.94,65.79,17.38
2022-08-12,"-22,98833333","-43,19055555",2.0,1019.98,1228.22,20.07,74.25,6.78
2022-08-13,"-22,98833333","-43,19055555",0.0,1020.32,1611.98,20.35,70.08,6.68
2022-08-14,"-22,98833333","-43,19055555",0.0,1017.0,1624.61,21.11,66.67,5.31
2022-08-15,"-22,98833333","-43,19055555",0.0,1012.78,1662.05,22.42,58.54,5.92
2022-08-16,"-22,98833333","-43,19055555",0.0,1008.84,1593.66,26.91,37.58,6.75
2022-08-17,"-22,98833333","-43,19055555",0.0,1009.86,1387.35,23.41,70.42,6.47
2022-08-18,"-22,98833333","-43,19055555",0.0,1007.65,1550.59,25.4,59.04,7.86
2022-08-19,"-22,98833333","-43,19055555",24.8,1018.02,324.8,20.0,80.62,14.83
2022-08-20,"-22,98833333","-43,19055555",5.0,1025.05,441.89,17.26,73.0,7.34
2022-08-21,"-22,98833333","-43,19055555",0.0,1023.45,1307.82,18.22,67.04,5.28
2022-08-22,"-22,98833333","-43,19055555",0.0,1021.21,1213.21,19.63,64.75,6.41
2022-08-23,"-22,98833333","-43,19055555",0.0,1020.24,1421.59,20.5,70.92,7.11
2022-08-24,"-22,98833333","-43,19055555",6.6,1019.48,712.32,19.97,87.33,10.63
2022-08-25,"-22,98833333","-43,19055555",0.0,1017.73,1708.56,21.13,77.0,6.13
2022-08-26,"-22,98833333","-43,19055555",0.0,1015.84,1259.66,22.5,71.71,4.86
2022-08-27,"-22,98833333","-43,19055555",0.0,1013.15,1670.52,22.65,80.5,4.94
2022-08-28,"-22,98833333","-43,19055555",0.0,1011.81,1678.34,24.07,68.58,6.98
2022-08-29,"-22,98833333","-43,19055555",2.6,1019.86,527.52,19.44,76.42,11.79
2022-08-30,"-22,98833333","-43,19055555",2.4,1023.44,1207.54,17.83,71.71,8.29
2022-08-31,"-22,98833333","-43,19055555",0.6,1021.96,1623.26,18.61,65.17,8.17
2022-09-01,"-22,98833333","-43,19055555",0.0,1017.56,1836.83,19.68,61.54,7.5
2022-09-02,"-22,98833333","-43,19055555",0.0,1013.06,1836.03,21.91,56.54,5.77
2022-09-03,"-22,98833333","-43,19055555",0.0,1012.65,1646.65,21.62,69.25,7.17
2022-09-04,"-22,98833333","-43,19055555",14.2,1019.12,404.82,18.23,86.25,8.48
2022-09-05,"-22,98833333","-43,19055555",1.0,1021.21,862.34,19.0,75.42,4.75
2022-09-06,"-22,98833333","-43,19055555",0.0,1021.95,1548.78,20.55,63.83,4.64
2022-09-07,"-22,98833333","-43,19055555",0.0,1017.86,1532.72,20.62,62.0,6.35
2022-09-08,"-22,98833333","-43,19055555",0.0,1010.7,1637.86,23.04,57.83,6.6
2022-09-09,"-22,98833333","-43,19055555",0.0,1009.31,1580.08,25.83,55.42,5.29
2022-09-10,"-22,98833333","-43,19055555",0.0,1008.67,1594.86,26.73,50.21,9.15
2022-09-11,"-22,98833333","-43,19055555",10.8,1016.0,680.68,19.44,81.08,7.39
2022-09-12,"-22,98833333","-43,19055555",0.0,1014.76,394.36,19.8,73.58,6.75
2022-09-13,"-22,98833333","-43,19055555",2.6,1009.31,1130.26,21.55,78.46,6.6
2022-09-14,"-22,98833333","-43,19055555",0.0,1010.62,293.81,21.7,83.04,14.62
2022-09-15,"-22,98833333","-43,19055555",10.2,1014.54,240.48,19.99,91.54,6.82
2022-09-16,"-22,98833333","-43,19055555",33.0,1016.43,153.65,17.81,94.58,6.35
2022-09-17,"-22,98833333","-43,19055555",7.2,1017.92,1460.72,18.93,74.83,4.64
2022-09-18,"-22,98833333","-43,19055555",0.0,1016.73,1653.95,19.25,69.04,5.4
2022-09-19,"-22,98833333","-43,19055555",0.0,1013.42,1840.89,20.22,69.33,3.83
2022-09-20,"-22,98833333","-43,19055555",0.0,1007.99,1346.01,20.98,70.42,4.64
2022-09-21,"-22,98833333","-43,19055555",0.0,1008.72,1352.68,21.88,74.12,11.9
2022-09-22,"-22,98833333","-43,19055555",1.2,1005.74,470.35,21.01,86.42,13.3
2022-09-23,"-22,98833333","-43,19055555",0.0,1008.36,531.12,20.45,78.88,13.65
2022-09-24,"-22,98833333","-43,19055555",0.0,1015.9,1872.19,20.11,60.54,5.8
2022-09-25,"-22,98833333","-43,19055555",0.0,1016.1,1499.92,20.85,68.67,4.55
2022-09-26,"-22,98833333","-43,19055555",0.0,1013.81,1038.32,21.28,74.96,4.64
2022-09-27,"-22,98833333","-43,19055555",6.6,1011.68,1387.89,22.3,80.62,8.65
2022-09-28,"-22,98833333","-43,19055555",24.8,1012.78,281.5,20.98,86.92,4.64
2022-09-29,"-22,98833333","-43,19055555",26.8,1016.03,223.57,18.89,93.79,8.2
2022-09-30,"-22,98833333","-43,19055555",6.8,1017.84,609.75,19.09,86.62,7.75
2022-10-01,"-22,98833333","-43,19055555",0.0,1014.01,1287.25,21.04,71.88,5.47
2022-10-02,"-22,98833333","-43,19055555",0.0,1013.35,1275.42,21.54,77.04,6.25
2022-10-03,"-22,98833333","-43,19055555",3.8,1012.43,649.16,20.72,86.67,3.74
2022-10-04,"-22,98833333","-43,19055555",1.0,1010.25,663.04,21.29,82.38,5.13
2022-10-05,"-22,98833333","-43,19055555",0.0,1011.66,438.12,21.44,85.08,6.34
2022-10-06,"-22,98833333","-43,19055555",0.0,1010.13,1873.65,22.71,75.25,7.17
2022-10-07,"-22,98833333","-43,19055555",2.6,1004.18,365.58,24.72,71.92,8.64
2022-10-08,"-22,98833333","-43,19055555",0.0,1009.28,860.15,22.9,76.0,5.71
2022-10-09,"-22,98833333","-43,19055555",0.0,1009.85,1392.54,22.73,76.25,5.35
2022-10-10,"-22,98833333","-43,19055555",0.0,1015.65,988.12,22.45,78.83,6.45
2022-10-11,"-22,98833333","-43,19055555",0.0,1014.42,661.45,22.97,87.14,3.08
2022-10-12,"-22,98833333","-43,19055555",0.0,1012.02,585.06,22.32,88.92,6.77
2022-10-13,"-22,98833333","-43,19055555",0.0,1012.32,1805.01,24.01,78.88,4.14
2022-10-14,"-22,98833333","-43,19055555",0.6,1014.55,859.55,23.0,85.0,6.13
2022-10-15,"-22,98833333","-43,19055555",2.4,1017.71,1968.13,23.88,79.67,7.25
2022-10-16,"-22,98833333","-43,19055555",0.0,1014.25,1188.97,22.83,73.25,6.88
2022-10-17,"-22,98833333","-43,19055555",0.0,1010.86,1582.62,23.35,74.46,4.72
2022-10-18,"-22,98833333","-43,19055555",0.8,1014.03,1310.38,24.11,79.5,5.75
2022-10-19,"-22,98833333","-43,19055555",2.2,1013.42,472.73,23.24,87.67,4.47
2022-10-20,"-22,98833333","-43,19055555",0.2,1008.4,2005.72,24.59,73.38,5.52
2022-10-21,"-22,98833333","-43,19055555",1.0,1005.07,573.78,24.8,74.54,6.43
2022-10-22,"-22,98833333","-43,19055555",0.2,1006.84,1821.45,25.83,65.04,8.42
2022-10-23,"-22,98833333","-43,19055555",0.0,1012.87,1394.38,23.25,75.54,5.84
2022-10-24,"-22,98833333","-43,19055555",0.0,1012.24,1557.42,23.84,70.79,5.35
2022-10-25,"-22,98833333","-43,19055555",0.0,1012.35,915.27,23.15,73.71,6.39
2022-10-26,"-22,98833333","-43,19055555",1.4,1011.13,2089.78,23.35,72.12,7.45
2022-10-27,"-22,98833333","-43,19055555",0.0,1007.34,2064.75,24.97,68.21,6.05
2022-10-28,"-22,98833333","-43,19055555",12.4,1007.4,1409.38,25.55,72.33,6.75
2022-10-29,"-22,98833333","-43,19055555",0.0,1006.62,2029.61,25.12,77.17,4.26
2022-10-30,"-22,98833333","-43,19055555",0.0,1003.06,1266.86,26.41,67.67,6.59
2022-10-31,"-22,98833333","-43,19055555",15.8,1003.26,1815.51,27.61,62.42,6.88
2022-11-01,"-22,98833333","-43,19055555",12.0,1010.25,383.53,22.39,85.38,8.96
2022-11-02,"-22,98833333","-43,19055555",14.4,1017.41,246.14,19.55,81.54,11.03
2022-11-03,"-22,98833333","-43,19055555",0.8,1018.11,1023.75,19.93,69.04,9.6
2022-11-04,"-22,98833333","-43,19055555",3.4,1016.3,1519.12,19.19,72.29,5.92
2022-11-05,"-22,98833333","-43,19055555",3.0,1015.45,2230.05,20.52,66.33,4.48
2022-11-06,"-22,98833333","-43,19055555",4.2,1015.4,1937.72,21.18,63.92,4.78
2022-11-07,"-22,98833333","-43,19055555",6.0,1014.48,481.18,19.65,76.58,4.57
2022-11-08,"-22,98833333","-43,19055555",9.6,1013.8,467.61,19.75,78.92,3.35
2022-11-09,"-22,98833333","-43,19055555",1.4,1011.51,1287.68,21.72,84.04,4.2
2022-11-10,"-22,98833333","-43,19055555",0.2,1010.85,1723.24,23.95,76.46,4.02
2022-11-11,"-22,98833333","-43,19055555",0.0,1010.12,1821.41,24.85,74.21,4.32
2022-11-12,"-22,98833333","-43,19055555",5.4,1008.02,1669.41,24.5,80.38,6.21
2022-11-13,"-22,98833333","-43,19055555",1.0,1007.5,1942.52,24.54,74.42,5.72
2022-11-14,"-22,98833333","-43,19055555",0.6,1005.78,1189.98,25.35,77.96,3.99
2022-11-15,"-22,98833333","-43,19055555",1.6,1007.09,1636.37,27.1,61.42,7.62
2022-11-16,"-22,98833333","-43,19055555",7.4,1011.38,714.67,23.85,73.38,6.42
2022-11-17,"-22,98833333","-43,19055555",0.0,1013.24,2131.77,23.86,63.38,3.98
2022-11-18,"-22,98833333","-43,19055555",0.0,1013.16,2113.7,23.22,60.38,4.41
2022-11-19,"-22,98833333","-43,19055555",0.0,1013.72,1558.0,23.51,57.12,6.22
2022-11-20,"-22,98833333","-43,19055555",0.0,1012.07,2080.04,24.48,60.92,5.44
2022-11-21,"-22,98833333","-43,19055555",0.0,1010.15,2115.41,25.4,67.96,6.15
2022-11-22,"-22,98833333","-43,19055555",0.0,1009.02,2021.07,24.95,68.62,7.0
2022-11-23,"-22,98833333","-43,19055555",0.0,1006.61,1567.75,23.98,71.88,5.2
2022-11-24,"-22,98833333","-43,19055555",19.2,1006.41,478.1,21.67,84.08,6.28
2022-11-25,"-22,98833333","-43,19055555",0.2,1008.21,1954.11,22.99,80.96,7.27
2022-11-26,"-22,98833333","-43,19055555",0.0,1009.2,1599.58,23.6,72.33,5.71
2022-11-27,"-22,98833333","-43,19055555",7.6,1007.78,1278.33,23.1,84.46,5.3
2022-11-28,"-22,98833333","-43,19055555",1.0,1004.22,1705.16,24.5,82.04,5.43
2022-11-29,"-22,98833333","-43,19055555",1.2,1001.11,1367.02,24.56,81.67,5.35
2022-11-30,"-22,98833333","-43,19055555",0.0,1001.81,1179.11,24.29,78.42,7.61
2022-12-01,"-22,98833333","-43,19055555",0.2,1004.34,1854.97,24.29,80.92,6.35
2022-12-02,"-22,98833333","-43,19055555",0.0,1007.18,1684.8,23.59,79.42,6.32
2022-12-03,"-22,98833333","-43,19055555",0.8,1008.45,1223.67,22.75,79.21,5.96
2022-12-04,"-22,98833333","-43,19055555",0.0,1006.56,1173.08,23.67,72.96,5.88
2022-12-05,"-22,98833333","-43,19055555",0.0,1007.14,1321.32,24.31,67.92,5.22
2022-12-06,"-22,98833333","-43,19055555",9.2,1008.98,372.81,23.13,75.35,3.8
2022-12-07,"-22,98833333","-43,19055555",2.4,1007.05,567.75,22.78,100.0,5.63
2022-12-08,"-22,98833333","-43,19055555",0.2,1005.96,2087.77,23.7,70.82,4.52
2022-12-09,"-22,98833333","-43,19055555",0.0,1005.41,2233.36,24.73,66.7,3.44
2022-12-10,"-22,98833333","-43,19055555",0.0,1006.89,2050.63,25.31,66.09,3.84
2022-12-11,"-22,98833333","-43,19055555",0.0,1005.54,1917.51,25.96,78.62,3.68
2022-12-12,"-22,98833333","-43,19055555",0.0,1001.61,1798.99,27.09,73.87,4.7
2022-12-13,"-22,98833333","-43,19055555",7.2,999.49,746.24,26.17,67.46,8.41
2022-12-14,"-22,98833333","-43,19055555",1.8,1008.62,2153.25,23.85,69.14,6.64
2022-12-15,"-22,98833333","-43,19055555",0.0,1009.43,2234.37,24.45,61.54,6.91
2022-12-16,"-22,98833333","-43,19055555",6.8,1004.26,1724.88,24.74,66.58,5.87
2022-12-17,"-22,98833333","-43,19055555",0.0,1004.87,845.04,23.95,74.57,7.36
2022-12-18,"-22,98833333","-43,19055555",14.4,1009.5,518.78,23.24,95.5,5.98
2022-12-19,"-22,98833333","-43,19055555",0.0,1011.07,384.87,23.17,92.42,7.73
2022-12-20,"-22,98833333","-43,19055555",37.2,1007.63,332.15,20.89,76.5,7.07
2022-12-21,"-22,98833333","-43,19055555",22.0,1005.2,611.76,21.55,75.35,6.9
2022-12-22,"-22,98833333","-43,19055555",11.4,1009.28,1523.39,22.05,74.45,3.72
2022-12-23,"-22,98833333","-43,19055555",1.2,1011.66,1549.03,22.61,75.59,3.48
2022-12-24,"-22,98833333","-43,19055555",0.0,1011.74,1839.82,22.79,74.65,6.24
2022-12-25,"-22,98833333","-43,19055555",0.0,1010.58,2044.67,23.08,74.07,3.85
2022-12-26,"-22,98833333","-43,19055555",0.0,1008.75,753.86,24.07,72.78,4.41
2022-12-27,"-22,98833333","-43,19055555",1.0,1007.96,1106.21,24.12,71.91,5.25
2022-12-28,"-22,98833333","-43,19055555",0.0,1006.87,1010.49,24.26,74.12,4.0
2022-12-29,"-22,98833333","-43,19055555",0.2,1007.49,869.51,26.08,57.44,6.81
2022-12-30,"-22,98833333","-43,19055555",29.8,1011.51,200.65,22.2,75.35,4.17
2022-12-31,"-22,98833333","-43,19055555",0.4,1011.26,1943.34,23.64,94.5,3.68
2022-09-07,"-10,9525","-37,05444444",0.0,1017.47,1574.73,25.92,56.44,4.86
2022-09-08,"-10,9525","-37,05444444",5.0,1016.89,1250.12,23.89,75.79,5.36
2022-09-09,"-10,9525","-37,05444444",0.4,1016.98,866.75,24.52,73.96,5.99
2022-09-10,"-10,9525","-37,05444444",4.2,1017.72,1030.62,23.75,76.67,4.61
2022-09-11,"-10,9525","-37,05444444",0.0,1016.25,1463.92,24.17,82.58,4.8
2022-09-12,"-10,9525","-37,05444444",0.0,1015.91,1521.73,25.08,65.42,5.25
2022-09-13,"-10,9525","-37,05444444",2.0,1015.07,1481.88,25.03,70.86,6.02
2022-09-14,"-10,9525","-37,05444444",0.0,1015.03,1638.43,25.25,75.12,5.22
2022-09-15,"-10,9525","-37,05444444",0.0,1015.27,1645.45,25.75,77.79,7.26
2022-09-16,"-10,9525","-37,05444444",0.0,1015.62,1553.04,25.17,63.17,5.18
2022-09-17,"-10,9525","-37,05444444",0.0,1014.95,1630.02,25.38,66.0,5.3
2022-09-18,"-10,9525","-37,05444444",0.0,1015.0,1592.48,25.51,63.58,4.27
2022-09-19,"-10,9525","-37,05444444",0.0,1015.0,1514.18,25.61,64.08,4.55
2022-09-20,"-10,9525","-37,05444444",0.0,1014.34,1540.84,25.85,63.71,6.13
2022-09-21,"-10,9525","-37,05444444",0.0,1013.27,1660.25,25.15,69.92,5.41
2022-09-22,"-10,9525","-37,05444444",0.6,1013.15,1491.08,25.93,72.21,7.07
2022-09-23,"-10,9525","-37,05444444",0.0,1012.49,1577.32,26.08,76.43,8.14
2022-09-24,"-10,9525","-37,05444444",0.0,1013.12,1581.92,26.24,80.12,8.47
2022-09-25,"-10,9525","-37,05444444",0.0,1015.24,1500.38,26.19,67.61,6.42
2022-09-26,"-10,9525","-37,05444444",0.0,1016.05,1654.78,26.2,65.12,5.95
2022-09-27,"-10,9525","-37,05444444",0.0,1016.05,1576.32,25.9,59.67,5.55
2022-09-28,"-10,9525","-37,05444444",7.0,1014.93,1683.22,25.56,68.95,5.71
2022-09-29,"-10,9525","-37,05444444",1.0,1014.63,1635.96,25.54,67.7,5.69
2022-09-30,"-10,9525","-37,05444444",1.2,1015.52,1461.35,26.01,65.42,5.15
2022-10-01,"-10,9525","-37,05444444",0.0,1016.05,1543.96,25.93,61.29,4.75
2022-10-02,"-10,9525","-37,05444444",0.0,1015.89,1711.94,25.88,60.33,5.8
2022-10-03,"-10,9525","-37,05444444",0.0,1015.58,1716.78,25.76,60.71,5.78
2022-10-04,"-10,9525","-37,05444444",0.0,1014.2,1699.81,25.5,64.21,5.69
2022-10-05,"-10,9525","-37,05444444",0.0,1013.72,1629.81,26.27,66.21,6.62
2022-10-06,"-10,9525","-37,05444444",0.0,1014.04,1647.18,26.82,74.92,6.22
2022-10-07,"-10,9525","-37,05444444",0.0,1013.67,1474.76,26.6,73.54,6.53
2022-10-08,"-10,9525","-37,05444444",0.0,1012.54,1687.72,26.45,70.88,6.64
2022-10-09,"-10,9525","-37,05444444",0.0,1013.93,1522.79,26.82,72.83,6.84
2022-10-10,"-10,9525","-37,05444444",0.0,1016.09,1491.92,26.99,69.54,6.27
2022-10-11,"-10,9525","-37,05444444",0.6,1017.2,1277.78,26.25,68.92,5.98
2022-10-12,"-10,9525","-37,05444444",0.2,1014.81,1703.2,26.49,59.08,5.85
2022-10-13,"-10,9525","-37,05444444",0.0,1015.13,1463.55,26.2,63.17,5.15
2022-10-14,"-10,9525","-37,05444444",2.8,1016.2,1294.71,25.97,64.21,5.47
2022-10-15,"-10,9525","-37,05444444",1.8,1016.1,1414.43,25.92,64.71,4.56
2022-10-16,"-10,9525","-37,05444444",0.0,1014.44,1698.89,26.28,57.33,5.3
2022-10-17,"-10,9525","-37,05444444",0.0,1014.18,1635.35,26.34,64.88,6.97
2022-10-18,"-10,9525","-37,05444444",0.0,1015.78,1712.7,26.68,63.33,7.65
2022-10-19,"-10,9525","-37,05444444",0.0,1016.45,1640.81,26.58,63.33,8.3
2022-10-20,"-10,9525","-37,05444444",0.0,1014.31,1524.54,26.28,59.71,7.31
2022-10-21,"-10,9525","-37,05444444",0.0,1012.65,1735.75,26.3,61.17,6.66
2022-10-22,"-10,9525","-37,05444444",2.6,1012.88,1574.24,26.14,69.54,5.9
2022-10-23,"-10,9525","-37,05444444",0.0,1013.57,1353.88,26.22,72.88,6.62
2022-10-24,"-10,9525","-37,05444444",1.6,1012.78,1627.73,26.31,80.61,7.77
2022-10-25,"-10,9525","-37,05444444",0.0,1011.09,1452.07,26.75,83.43,7.67
2022-10-26,"-10,9525","-37,05444444",73.0,1012.54,473.24,23.99,100.0,5.62
2022-10-27,"-10,9525","-37,05444444",1.8,1014.03,1372.92,25.34,86.0,5.73
2022-10-28,"-10,9525","-37,05444444",0.6,1013.85,1734.94,26.35,96.86,6.71
2022-10-29,"-10,9525","-37,05444444",0.0,1012.95,1772.79,26.67,88.38,7.22
2022-10-30,"-10,9525","-37,05444444",0.0,1011.62,1787.58,26.58,84.21,7.2
2022-10-31,"-10,9525","-37,05444444",0.0,1011.83,1741.32,26.49,91.0,6.34
2022-11-01,"-10,9525","-37,05444444",0.0,1012.16,1688.8,26.62,93.78,8.0
2022-11-02,"-10,9525","-37,05444444",0.0,1012.42,1692.9,26.7,98.75,7.48
2022-11-03,"-10,9525","-37,05444444",0.0,1011.45,1645.98,26.55,100.0,6.4
2022-11-04,"-10,9525","-37,05444444",11.2,1011.42,588.86,25.4,91.5,5.7
2022-11-05,"-10,9525","-37,05444444",0.0,1013.05,832.87,24.26,75.35,7.49
2022-11-06,"-10,9525","-37,05444444",0.0,1013.08,1269.02,23.38,63.5,6.41
2022-11-11,"-10,9525","-37,05444444",1.0,1012.01,1683.79,26.52,75.35,6.52
2022-11-12,"-10,9525","-37,05444444",2.8,1011.62,1219.01,26.3,75.35,6.17
2022-11-13,"-10,9525","-37,05444444",0.0,1012.37,1799.02,26.68,75.35,5.76
2022-11-14,"-10,9525","-37,05444444",0.0,1012.79,1541.87,26.75,75.35,6.87
2022-11-15,"-10,9525","-37,05444444",0.8,1013.99,1296.14,26.59,75.35,8.2
2022-11-16,"-10,9525","-37,05444444",0.0,1012.71,1757.35,26.73,75.35,7.34
2022-11-17,"-10,9525","-37,05444444",0.0,1011.77,1809.88,26.71,75.35,7.17
2022-11-18,"-10,9525","-37,05444444",0.0,1011.14,1673.05,26.72,75.35,7.28
2022-11-19,"-10,9525","-37,05444444",0.0,1012.71,1712.94,26.97,100.0,7.34
2022-11-20,"-10,9525","-37,05444444",0.0,1012.55,1611.96,26.84,75.35,7.01
2022-11-21,"-10,9525","-37,05444444",3.0,1011.98,1646.27,26.56,100.0,7.0
2022-11-22,"-10,9525","-37,05444444",3.4,1012.12,1480.01,26.29,95.6,7.22
2022-11-23,"-10,9525","-37,05444444",0.0,1011.23,1799.23,26.56,86.21,5.72
2022-11-24,"-10,9525","-37,05444444",0.0,1010.52,1625.02,26.55,88.78,6.32
2022-11-25,"-10,9525","-37,05444444",1.6,1010.47,1694.69,27.02,100.0,8.29
2022-11-26,"-10,9525","-37,05444444",0.0,1011.58,1269.5,26.92,91.0,7.35
2022-11-27,"-10,9525","-37,05444444",0.0,1011.1,1086.26,26.62,75.35,6.36
2022-11-28,"-10,9525","-37,05444444",0.2,1007.74,1444.68,26.68,100.0,6.68
2022-11-29,"-10,9525","-37,05444444",29.8,1006.09,849.65,24.69,56.0,7.34
2022-11-30,"-10,9525","-37,05444444",51.8,1007.63,885.42,24.52,75.35,6.0
2022-12-01,"-10,9525","-37,05444444",13.8,1009.57,741.27,25.11,75.35,6.41
2022-12-02,"-10,9525","-37,05444444",0.0,1011.21,1549.02,25.8,75.35,6.42
2022-12-03,"-10,9525","-37,05444444",18.6,1011.49,921.3,24.55,75.35,5.36
2022-12-04,"-10,9525","-37,05444444",0.6,1010.63,1282.41,25.45,31.0,5.58
2022-12-05,"-10,9525","-37,05444444",8.8,1012.55,1033.79,24.9,52.0,6.65
2022-12-06,"-10,9525","-37,05444444",0.8,1014.6,883.7,24.52,32.0,4.91
2022-12-07,"-10,9525","-37,05444444",0.0,1013.19,1662.51,25.64,14.0,3.61
2022-12-08,"-10,9525","-37,05444444",0.0,1010.25,1762.49,26.25,34.0,6.42
2022-12-09,"-10,9525","-37,05444444",0.0,1010.61,1768.49,26.48,83.0,7.93
2022-12-10,"-10,9525","-37,05444444",0.0,1012.49,1704.84,26.23,75.35,6.24
2022-12-11,"-10,9525","-37,05444444",0.0,1012.67,1572.63,26.33,75.35,5.35
2022-12-12,"-10,9525","-37,05444444",0.0,1011.16,1810.25,26.62,75.35,6.22
2022-12-13,"-10,9525","-37,05444444",0.0,1010.13,1757.59,26.51,75.35,6.92
2022-12-14,"-10,9525","-37,05444444",0.0,1009.3,1593.06,26.7,75.35,7.92
2022-12-15,"-10,9525","-37,05444444",0.0,1010.14,1613.46,26.34,75.35,7.49
2022-12-16,"-10,9525","-37,05444444",0.0,1010.1,1732.78,26.16,75.35,6.42
2022-12-17,"-10,9525","-37,05444444",0.0,1009.22,1582.25,25.93,75.35,6.33
2022-12-18,"-10,9525","-37,05444444",0.0,1011.07,1651.47,26.17,75.35,5.72
2022-12-19,"-10,9525","-37,05444444",0.0,1012.0,1815.7,25.93,75.35,4.34
2022-12-20,"-10,9525","-37,05444444",0.0,1011.64,1725.8,26.42,75.35,5.35
2022-12-21,"-10,9525","-37,05444444",0.0,1010.4,1737.94,26.66,41.0,6.51
2022-12-22,"-10,9525","-37,05444444",0.0,1009.23,1729.46,26.74,75.35,7.76
2022-12-23,"-10,9525","-37,05444444",0.8,1010.85,1364.56,26.57,75.35,5.81
2022-12-24,"-10,9525","-37,05444444",0.0,1011.92,1608.74,26.48,75.35,6.23
2022-12-25,"-10,9525","-37,05444444",0.0,1012.72,1564.42,26.7,75.35,5.99
2022-12-26,"-10,9525","-37,05444444",2.0,1012.63,1612.85,26.04,75.35,7.35
2022-12-27,"-10,9525","-37,05444444",0.0,1013.3,1807.75,27.01,75.35,5.92
2022-12-28,"-10,9525","-37,05444444",0.0,1013.86,1755.21,26.94,75.35,5.77
2022-12-29,"-10,9525","-37,05444444",0.0,1014.38,1779.17,27.3,75.35,6.3
2022-12-30,"-10,9525","-37,05444444",0.0,1013.64,1817.97,27.35,75.35,6.7
2022-12-31,"-10,9525","-37,05444444",2.0,1013.85,1541.2,27.21,75.35,5.59
2022-01-01,"-3,81583333","-38,53777777",15.0,1007.53,647.51,26.91,80.09,5.5
2022-01-02,"-3,81583333","-38,53777777",44.0,1008.99,538.28,25.86,84.13,4.4
2022-01-03,"-3,81583333","-38,53777777",0.2,1008.38,461.19,27.05,78.78,5.42
2022-01-04,"-3,81583333","-38,53777777",0.2,1006.83,1153.2,27.39,75.42,5.13
2022-01-05,"-3,81583333","-38,53777777",23.2,1007.47,716.2,26.63,79.17,6.32
2022-01-06,"-3,81583333","-38,53777777",13.8,1007.8,806.78,26.75,79.42,5.02
2022-01-07,"-3,81583333","-38,53777777",1.8,1007.94,1445.35,27.57,74.29,5.65
2022-01-08,"-3,81583333","-38,53777777",0.4,1007.72,1354.38,27.98,69.0,7.39
2022-01-09,"-3,81583333","-38,53777777",0.0,1008.29,1283.7,27.9,70.83,5.71
2022-01-10,"-3,81583333","-38,53777777",0.2,1008.15,1137.49,27.77,73.12,4.65
2022-01-11,"-3,81583333","-38,53777777",35.4,1008.6,707.09,26.08,81.21,4.16
2022-01-12,"-3,81583333","-38,53777777",0.2,1009.05,992.09,26.75,78.12,3.14
2022-01-13,"-3,81583333","-38,53777777",0.0,1010.43,1416.58,27.23,75.0,3.35
2022-01-14,"-3,81583333","-38,53777777",0.0,1010.88,1702.18,27.4,73.67,4.74
2022-01-15,"-3,81583333","-38,53777777",19.4,1010.4,587.48,25.68,84.39,4.07
2022-01-16,"-3,81583333","-38,53777777",5.4,1009.96,380.2,25.31,86.52,2.64
2022-01-17,"-3,81583333","-38,53777777",11.0,1009.07,747.55,26.6,82.17,4.77
2022-01-18,"-3,81583333","-38,53777777",0.2,1009.21,1462.22,27.86,73.5,6.19
2022-01-19,"-3,81583333","-38,53777777",0.4,1010.38,1563.39,28.12,72.08,5.64
2022-01-20,"-3,81583333","-38,53777777",1.2,1009.77,1170.7,27.85,74.88,5.27
2022-01-21,"-3,81583333","-38,53777777",3.8,1007.52,1419.67,28.19,72.46,5.68
2022-01-22,"-3,81583333","-38,53777777",12.8,1007.55,936.83,27.12,76.5,4.83
2022-01-23,"-3,81583333","-38,53777777",0.0,1007.84,1486.93,27.88,68.38,5.73
2022-01-24,"-3,81583333","-38,53777777",0.0,1008.0,1173.69,27.52,71.58,4.98
2022-01-25,"-3,81583333","-38,53777777",7.4,1008.22,806.12,26.3,78.21,3.87
2022-01-26,"-3,81583333","-38,53777777",8.2,1007.08,1170.53,26.82,77.46,6.45
2022-01-27,"-3,81583333","-38,53777777",33.2,1007.3,522.39,25.36,82.17,4.57
2022-01-28,"-3,81583333","-38,53777777",18.0,1007.95,332.98,23.98,87.04,3.37
2022-01-29,"-3,81583333","-38,53777777",1.4,1008.37,550.23,25.16,80.62,3.75
2022-01-30,"-3,81583333","-38,53777777",0.6,1008.78,879.94,26.93,77.13,5.09
2022-01-31,"-3,81583333","-38,53777777",2.2,1007.92,1425.76,28.08,71.75,7.59
2022-02-01,"-3,81583333","-38,53777777",0.0,1008.25,1441.79,27.88,72.04,6.3
2022-02-02,"-3,81583333","-38,53777777",0.6,1008.78,1307.89,28.14,73.96,5.9
2022-02-03,"-3,81583333","-38,53777777",2.0,1008.14,1271.84,27.76,76.38,5.77
2022-02-04,"-3,81583333","-38,53777777",17.8,1007.87,963.8,27.06,79.5,6.05
2022-02-05,"-3,81583333","-38,53777777",21.0,1007.86,1088.14,27.12,76.71,6.08
2022-02-06,"-3,81583333","-38,53777777",0.0,1008.2,1544.26,27.58,72.67,4.48
2022-02-07,"-3,81583333","-38,53777777",0.0,1008.16,1253.28,27.18,75.92,4.23
2022-02-08,"-3,81583333","-38,53777777",0.4,1007.22,1235.71,27.85,73.08,5.57
2022-02-09,"-3,81583333","-38,53777777",0.0,1006.73,1350.44,28.31,68.33,6.34
2022-02-10,"-3,81583333","-38,53777777",0.4,1007.03,1327.47,27.58,72.25,4.77
2022-02-11,"-3,81583333","-38,53777777",0.6,1007.43,1399.73,27.54,73.33,4.87
2022-02-12,"-3,81583333","-38,53777777",0.2,1007.65,1077.49,27.91,71.12,5.11
2022-02-13,"-3,81583333","-38,53777777",5.8,1007.38,1250.12,28.28,73.88,5.93
2022-02-14,"-3,81583333","-38,53777777",4.6,1007.45,1361.29,28.09,72.62,6.43
2022-02-15,"-3,81583333","-38,53777777",12.0,1008.08,870.18,27.56,72.79,6.59
2022-02-16,"-3,81583333","-38,53777777",5.4,1008.85,975.99,27.44,74.62,4.24
2022-02-17,"-3,81583333","-38,53777777",0.0,1008.58,1486.65,27.15,74.92,3.35
2022-02-18,"-3,81583333","-38,53777777",2.2,1006.93,1345.76,27.39,73.57,4.82
2022-02-19,"-3,81583333","-38,53777777",43.8,1007.23,815.48,26.3,79.57,5.5
2022-02-20,"-3,81583333","-38,53777777",1.8,1008.7,723.7,26.38,79.92,4.29
2022-02-21,"-3,81583333","-38,53777777",0.0,1009.25,1530.43,27.01,75.54,5.07
2022-02-22,"-3,81583333","-38,53777777",0.0,1008.67,1471.58,28.25,68.54,6.68
2022-02-23,"-3,81583333","-38,53777777",0.0,1008.01,1477.22,28.43,71.25,6.1
2022-02-24,"-3,81583333","-38,53777777",3.0,1007.42,1514.75,28.15,72.79,7.21
2022-02-25,"-3,81583333","-38,53777777",24.4,1008.92,1128.98,27.86,75.62,7.45
2022-02-26,"-3,81583333","-38,53777777",0.0,1008.86,1488.56,27.84,73.71,5.48
2022-02-27,"-3,81583333","-38,53777777",0.2,1007.74,1461.0,28.23,70.67,6.62
2022-02-28,"-3,81583333","-38,53777777",1.0,1007.47,1477.8,28.09,70.96,6.44
2022-03-01,"-3,81583333","-38,53777777",0.0,1008.08,1494.91,28.37,69.04,6.75
2022-03-02,"-3,81583333","-38,53777777",0.0,1008.08,1281.7,28.42,71.65,6.79
2022-03-03,"-3,81583333","-38,53777777",0.0,1007.86,1695.94,28.18,72.46,5.63
2022-03-04,"-3,81583333","-38,53777777",8.2,1007.02,1280.11,28.08,73.46,5.22
2022-03-05,"-3,81583333","-38,53777777",0.4,1006.44,930.82,27.42,76.58,4.25
2022-03-06,"-3,81583333","-38,53777777",34.8,1006.21,705.52,25.92,83.54,5.27
2022-03-07,"-3,81583333","-38,53777777",49.4,1006.64,718.42,26.15,78.33,5.18
2022-03-08,"-3,81583333","-38,53777777",2.8,1006.7,1173.48,27.24,76.83,4.39
2022-03-09,"-3,81583333","-38,53777777",2.6,1006.6,1414.28,28.16,74.67,5.9
2022-03-10,"-3,81583333","-38,53777777",1.4,1006.58,1366.89,28.0,75.46,5.59
2022-03-11,"-3,81583333","-38,53777777",101.2,1007.82,119.65,24.19,90.71,3.64
2022-03-12,"-3,81583333","-38,53777777",0.2,1008.16,664.64,26.12,82.17,2.88
2022-03-13,"-3,81583333","-38,53777777",4.4,1008.53,848.45,26.38,80.54,3.98
2022-03-14,"-3,81583333","-38,53777777",1.2,1007.23,724.01,26.71,80.54,3.87
2022-03-15,"-3,81583333","-38,53777777",11.0,1007.01,538.02,26.22,84.17,3.83
2022-03-16,"-3,81583333","-38,53777777",35.0,1008.32,235.77,25.0,88.83,2.88
2022-03-17,"-3,81583333","-38,53777777",0.8,1008.58,452.95,25.89,83.75,3.67
2022-03-18,"-3,81583333","-38,53777777",2.8,1007.73,791.37,26.83,80.22,5.06
2022-03-19,"-3,81583333","-38,53777777",19.4,1007.83,863.45,27.05,79.62,5.4
2022-03-20,"-3,81583333","-38,53777777",0.4,1007.74,758.56,26.79,79.35,4.05
2022-03-21,"-3,81583333","-38,53777777",0.2,1006.94,878.94,27.15,78.67,4.16
2022-03-22,"-3,81583333","-38,53777777",44.4,1007.62,293.5,25.25,87.42,5.12
2022-03-23,"-3,81583333","-38,53777777",35.4,1008.34,314.62,25.13,88.25,3.27
2022-03-24,"-3,81583333","-38,53777777",0.0,1008.0,753.59,26.77,80.21,3.58
2022-03-25,"-3,81583333","-38,53777777",1.6,1007.2,708.54,26.9,80.33,4.0
2022-03-26,"-3,81583333","-38,53777777",70.6,1007.22,587.09,25.51,85.48,4.97
2022-03-27,"-3,81583333","-38,53777777",12.2,1007.32,758.67,26.22,84.21,3.88
2022-03-28,"-3,81583333","-38,53777777",68.0,1008.25,132.24,24.84,92.29,3.82
2022-03-29,"-3,81583333","-38,53777777",52.6,1007.21,113.08,24.66,92.96,2.82
2022-03-30,"-3,81583333","-38,53777777",6.0,1006.02,583.07,26.45,82.46,4.31
2022-03-31,"-3,81583333","-38,53777777",29.0,1007.38,595.07,25.93,82.29,5.88
2022-04-01,"-3,81583333","-38,53777777",34.4,1009.09,460.86,25.62,84.71,2.84
2022-04-02,"-3,81583333","-38,53777777",34.0,1009.94,341.46,24.51,87.5,3.86
2022-04-03,"-3,81583333","-38,53777777",20.8,1007.67,487.87,25.81,86.04,5.82
2022-04-04,"-3,81583333","-38,53777777",33.6,1007.82,297.82,25.49,88.0,4.15
2022-04-05,"-3,81583333","-38,53777777",4.2,1008.04,890.49,26.68,80.83,4.35
2022-04-06,"-3,81583333","-38,53777777",23.2,1007.95,642.97,26.25,83.5,4.97
2022-04-07,"-3,81583333","-38,53777777",14.0,1008.3,573.52,25.97,85.25,4.54
2022-04-08,"-3,81583333","-38,53777777",42.8,1008.93,399.32,25.47,87.83,4.33
2022-04-09,"-3,81583333","-38,53777777",3.2,1007.9,725.22,26.54,81.96,4.29
2022-04-10,"-3,81583333","-38,53777777",4.0,1007.27,588.07,26.47,84.92,3.23
2022-04-11,"-3,81583333","-38,53777777",27.0,1007.35,258.2,25.04,90.62,2.47
2022-04-12,"-3,81583333","-38,53777777",0.2,1007.32,846.64,26.98,80.25,4.02
2022-04-13,"-3,81583333","-38,53777777",0.0,1007.58,1005.32,27.32,76.79,3.4
2022-04-14,"-3,81583333","-38,53777777",0.0,1007.15,1132.11,27.42,77.62,3.19
2022-04-15,"-3,81583333","-38,53777777",0.0,1006.87,1147.84,27.42,76.67,3.32
2022-04-16,"-3,81583333","-38,53777777",1.0,1007.64,888.35,27.41,79.96,3.54
2022-04-17,"-3,81583333","-38,53777777",4.2,1007.48,1250.9,27.37,79.75,3.88
2022-04-18,"-3,81583333","-38,53777777",28.6,1007.81,928.07,26.72,81.04,4.18
2022-04-19,"-3,81583333","-38,53777777",14.0,1008.11,578.66,26.36,82.83,3.99
2022-04-20,"-3,81583333","-38,53777777",0.2,1007.74,1160.76,27.22,78.21,5.18
2022-04-21,"-3,81583333","-38,53777777",2.4,1007.31,1311.55,27.56,78.42,5.14
2022-04-22,"-3,81583333","-38,53777777",48.0,1006.88,540.07,26.02,87.08,5.02
2022-04-23,"-3,81583333","-38,53777777",61.2,1008.48,194.51,24.61,93.29,3.68
2022-04-24,"-3,81583333","-38,53777777",0.4,1008.92,695.56,26.19,82.17,4.6
2022-04-25,"-3,81583333","-38,53777777",2.6,1008.55,969.79,26.3,80.0,5.4
2022-04-26,"-3,81583333","-38,53777777",0.2,1007.29,1306.4,27.41,75.5,5.9
2022-04-27,"-3,81583333","-38,53777777",0.6,1007.3,1293.93,27.56,73.54,5.62
2022-04-28,"-3,81583333","-38,53777777",2.4,1008.16,995.46,27.5,76.79,4.92
2022-04-29,"-3,81583333","-38,53777777",4.4,1008.31,1124.57,27.01,78.42,4.69
2022-04-30,"-3,81583333","-38,53777777",67.4,1008.54,905.44,26.63,78.75,5.58
2022-05-01,"-3,81583333","-38,53777777",0.0,1008.53,1395.38,27.33,73.08,5.91
2022-05-02,"-3,81583333","-38,53777777",1.2,1008.68,1036.09,27.09,79.12,5.57
2022-05-03,"-3,81583333","-38,53777777",1.0,1008.33,1119.3,27.8,77.12,5.87
2022-05-04,"-3,81583333","-38,53777777",0.4,1008.92,814.89,27.52,76.04,5.45
2022-05-05,"-3,81583333","-38,53777777",14.6,1009.78,837.28,26.02,81.38,5.95
2022-05-06,"-3,81583333","-38,53777777",12.4,1010.22,394.61,25.48,85.17,5.18
2022-05-07,"-3,81583333","-38,53777777",1.8,1009.95,774.67,26.78,78.46,5.51
2022-05-08,"-3,81583333","-38,53777777",0.0,1009.14,449.59,26.19,80.67,4.04
2022-05-09,"-3,81583333","-38,53777777",15.8,1008.89,292.2,25.77,84.3,3.33
2022-05-10,"-3,81583333","-38,53777777",39.6,1009.61,349.07,25.68,85.46,2.9
2022-05-11,"-3,81583333","-38,53777777",10.2,1009.44,332.2,25.35,86.92,3.2
2022-05-12,"-3,81583333","-38,53777777",18.0,1009.12,708.24,25.98,85.0,5.55
2022-05-13,"-3,81583333","-38,53777777",19.4,1009.49,397.16,25.74,87.83,4.77
2022-05-14,"-3,81583333","-38,53777777",5.8,1008.95,682.78,26.85,79.54,6.19
2022-05-15,"-3,81583333","-38,53777777",4.2,1008.64,1170.12,27.31,78.12,6.0
2022-05-16,"-3,81583333","-38,53777777",0.0,1009.45,593.38,26.72,79.92,5.1
2022-05-17,"-3,81583333","-38,53777777",1.2,1009.15,828.17,27.24,79.0,5.07
2022-05-18,"-3,81583333","-38,53777777",0.2,1008.47,788.18,27.01,80.5,3.68
2022-05-19,"-3,81583333","-38,53777777",0.0,1008.46,952.29,27.29,77.29,3.31
2022-05-20,"-3,81583333","-38,53777777",0.0,1010.89,852.86,27.37,74.5,3.43
2022-05-21,"-3,81583333","-38,53777777",6.4,1012.62,873.38,26.43,80.7,4.11
2022-05-22,"-3,81583333","-38,53777777",16.0,1012.37,828.65,25.49,82.92,4.59
2022-05-23,"-3,81583333","-38,53777777",12.6,1011.27,573.86,25.72,76.32,4.79
2022-05-24,"-3,81583333","-38,53777777",48.0,1011.2,388.82,25.4,83.47,4.8
2022-05-25,"-3,81583333","-38,53777777",0.2,1011.78,644.13,25.81,75.05,4.74
2022-05-26,"-3,81583333","-38,53777777",2.4,1010.76,816.99,26.02,80.88,4.44
2022-05-27,"-3,81583333","-38,53777777",12.8,1010.51,699.89,25.71,81.12,5.75
2022-05-28,"-3,81583333","-38,53777777",17.8,1009.58,395.71,24.99,86.32,4.17
2022-05-29,"-3,81583333","-38,53777777",0.2,1009.24,914.8,25.63,68.92,4.42
2022-05-30,"-3,81583333","-38,53777777",12.2,1007.88,630.32,25.11,86.05,3.6
2022-05-31,"-3,81583333","-38,53777777",0.0,1007.43,1207.46,26.38,75.41,4.44
2022-06-01,"-3,81583333","-38,53777777",18.2,1007.8,605.18,25.27,86.42,4.04
2022-06-02,"-3,81583333","-38,53777777",99.4,1008.51,301.36,24.52,82.8,4.31
2022-06-03,"-3,81583333","-38,53777777",0.0,1009.23,819.35,26.02,79.62,3.56
2022-06-04,"-3,81583333","-38,53777777",0.6,1009.49,516.2,25.58,83.5,2.65
2022-06-05,"-3,81583333","-38,53777777",13.0,1009.64,565.5,25.28,81.84,4.25
2022-06-06,"-3,81583333","-38,53777777",0.2,1008.79,737.68,26.17,73.67,4.44
2022-06-07,"-3,81583333","-38,53777777",5.8,1009.32,769.21,25.32,81.46,4.82
2022-06-08,"-3,81583333","-38,53777777",0.0,1009.37,982.49,25.64,77.2,3.68
2022-06-09,"-3,81583333","-38,53777777",1.8,1009.64,922.73,25.7,78.22,4.71
2022-06-10,"-3,81583333","-38,53777777",0.0,1009.47,1106.91,26.18,77.08,5.33
2022-06-11,"-3,81583333","-38,53777777",6.8,1009.58,1206.05,26.16,79.13,4.25
2022-06-12,"-3,81583333","-38,53777777",0.0,1010.19,1205.77,26.09,77.09,4.28
2022-06-13,"-3,81583333","-38,53777777",0.0,1010.83,1218.06,26.46,74.71,5.11
2022-06-14,"-3,81583333","-38,53777777",0.0,1011.55,1384.82,26.65,69.83,6.04
2022-06-15,"-3,81583333","-38,53777777",0.0,1011.13,1316.35,25.97,73.87,5.44
2022-06-16,"-3,81583333","-38,53777777",0.0,1010.3,1119.12,26.01,73.17,5.14
2022-06-17,"-3,81583333","-38,53777777",0.8,1009.45,1220.47,25.79,72.96,4.81
2022-06-18,"-3,81583333","-38,53777777",0.0,1010.61,1073.95,25.58,74.83,4.58
2022-06-19,"-3,81583333","-38,53777777",0.0,1010.59,1248.67,26.09,76.74,5.04
2022-06-20,"-3,81583333","-38,53777777",2.0,1010.16,1034.02,27.07,73.17,5.82
2022-06-21,"-3,81583333","-38,53777777",10.4,1009.97,689.3,25.18,78.48,6.48
2022-06-22,"-3,81583333","-38,53777777",0.0,1009.64,451.85,24.61,78.32,3.78
2022-06-23,"-3,81583333","-38,53777777",0.2,1010.05,851.22,25.27,78.54,4.57
2022-06-24,"-3,81583333","-38,53777777",5.0,1009.88,662.18,26.01,76.45,4.79
2022-06-25,"-3,81583333","-38,53777777",1.4,1009.32,1133.35,25.96,70.58,5.76
2022-06-26,"-3,81583333","-38,53777777",0.0,1008.99,1112.42,26.54,71.29,4.28
2022-06-27,"-3,81583333","-38,53777777",0.0,1009.1,1387.06,26.77,72.41,4.55
2022-06-28,"-3,81583333","-38,53777777",6.0,1010.78,749.1,25.98,72.57,5.9
2022-06-29,"-3,81583333","-38,53777777",13.8,1011.57,755.75,26.0,80.58,4.9
2022-06-30,"-3,81583333","-38,53777777",0.0,1010.38,957.51,26.31,68.59,4.48
2022-07-01,"-3,81583333","-38,53777777",0.4,1010.05,706.67,26.11,76.5,3.9
2022-07-02,"-3,81583333","-38,53777777",23.4,1011.32,712.79,26.48,79.42,5.93
2022-07-03,"-3,81583333","-38,53777777",1.2,1012.41,912.29,25.85,73.71,6.92
2022-07-04,"-3,81583333","-38,53777777",0.8,1011.6,1095.15,25.48,73.62,5.87
2022-07-05,"-3,81583333","-38,53777777",11.8,1010.65,724.19,24.9,79.17,5.43
2022-07-06,"-3,81583333","-38,53777777",0.0,1010.24,664.07,25.11,76.5,4.6
2022-07-07,"-3,81583333","-38,53777777",11.8,1011.8,742.71,25.22,79.0,7.18
2022-07-08,"-3,81583333","-38,53777777",5.6,1012.73,830.32,25.39,80.08,6.15
2022-07-09,"-3,81583333","-38,53777777",1.4,1011.95,858.23,25.55,74.5,6.85
2022-07-10,"-3,81583333","-38,53777777",0.0,1010.2,1196.77,26.63,70.88,6.28
2022-07-11,"-3,81583333","-38,53777777",0.0,1008.98,1007.43,26.0,72.88,5.29
2022-07-12,"-3,81583333","-38,53777777",0.0,1009.72,1320.15,27.1,68.04,5.47
2022-07-13,"-3,81583333","-38,53777777",0.0,1010.89,1008.59,26.7,73.78,6.23
2022-07-14,"-3,81583333","-38,53777777",0.0,1010.79,1262.62,26.9,69.29,6.71
2022-07-15,"-3,81583333","-38,53777777",0.6,1010.28,668.38,26.27,72.71,5.06
2022-07-16,"-3,81583333","-38,53777777",1.0,1009.66,1007.84,26.61,73.79,5.18
2022-07-17,"-3,81583333","-38,53777777",0.0,1010.9,922.04,26.95,72.5,7.68
2022-07-18,"-3,81583333","-38,53777777",0.0,1011.85,1460.46,27.0,65.12,7.88
2022-07-19,"-3,81583333","-38,53777777",0.0,1010.89,1176.53,26.92,69.54,5.32
2022-07-20,"-3,81583333","-38,53777777",0.0,1009.72,1322.21,26.05,68.08,5.88
2022-07-21,"-3,81583333","-38,53777777",0.6,1009.72,783.53,24.65,79.25,4.35
2022-07-22,"-3,81583333","-38,53777777",0.2,1009.89,1068.79,25.57,74.71,6.58
2022-07-23,"-3,81583333","-38,53777777",0.0,1009.34,1403.82,26.77,67.42,6.71
2022-07-24,"-3,81583333","-38,53777777",0.0,1009.34,1147.98,26.66,72.0,5.19
2022-07-25,"-3,81583333","-38,53777777",0.0,1009.93,1280.48,26.92,62.79,7.02
2022-07-26,"-3,81583333","-38,53777777",0.0,1010.27,1465.02,25.87,67.83,5.78
2022-07-27,"-3,81583333","-38,53777777",0.0,1010.83,1310.51,26.19,71.29,5.55
2022-07-28,"-3,81583333","-38,53777777",0.0,1009.73,1430.69,26.68,70.12,5.45
2022-07-29,"-3,81583333","-38,53777777",0.0,1010.02,1483.36,26.95,69.83,5.36
2022-07-30,"-3,81583333","-38,53777777",50.0,1011.16,471.95,25.19,85.55,5.78
2022-07-31,"-3,81583333","-38,53777777",1.8,1011.29,833.97,26.05,73.69,4.86
2022-08-01,"-3,81583333","-38,53777777",0.0,1010.72,1356.3,26.57,70.92,7.47
2022-08-02,"-3,81583333","-38,53777777",0.0,1009.85,1354.62,26.7,70.43,5.9
2022-08-03,"-3,81583333","-38,53777777",0.0,1009.99,982.68,25.91,78.42,6.49
2022-08-04,"-3,81583333","-38,53777777",0.0,1009.93,885.24,25.71,76.04,4.66
2022-08-05,"-3,81583333","-38,53777777",0.0,1010.06,1363.33,26.07,74.58,5.55
2022-08-06,"-3,81583333","-38,53777777",0.0,1009.57,1557.69,27.05,67.88,6.89
2022-08-07,"-3,81583333","-38,53777777",0.0,1009.77,1340.65,26.83,70.83,7.72
2022-08-08,"-3,81583333","-38,53777777",0.0,1010.26,1554.98,26.7,65.92,7.79
2022-08-09,"-3,81583333","-38,53777777",0.0,1011.43,1414.28,26.68,70.46,7.28
2022-08-10,"-3,81583333","-38,53777777",0.0,1011.88,1465.85,25.93,73.91,5.33
2022-08-11,"-3,81583333","-38,53777777",0.0,1011.37,1386.78,25.65,75.29,5.32
2022-08-12,"-3,81583333","-38,53777777",0.0,1012.35,1271.75,26.48,74.33,5.9
2022-08-13,"-3,81583333","-38,53777777",0.0,1012.89,1224.96,27.19,69.0,7.45
2022-08-14,"-3,81583333","-38,53777777",0.0,1012.12,1373.35,26.62,64.0,5.56
2022-08-15,"-3,81583333","-38,53777777",0.0,1010.54,1456.92,25.95,63.52,6.43
2022-08-16,"-3,81583333","-38,53777777",0.0,1010.37,1461.5,25.77,64.42,6.66
2022-08-17,"-3,81583333","-38,53777777",0.0,1010.27,1406.7,26.39,63.83,7.51
2022-08-18,"-3,81583333","-38,53777777",0.0,1010.02,1451.2,26.87,65.54,7.63
2022-08-19,"-3,81583333","-38,53777777",0.0,1010.85,1462.09,26.87,63.42,6.67
2022-08-20,"-3,81583333","-38,53777777",0.0,1010.46,1407.84,26.64,64.17,7.32
2022-08-21,"-3,81583333","-38,53777777",0.0,1010.88,1486.01,26.96,61.26,7.93
2022-08-22,"-3,81583333","-38,53777777",0.0,1010.98,1546.77,26.9,64.43,7.5
2022-08-23,"-3,81583333","-38,53777777",0.0,1010.82,1306.79,27.04,70.62,6.39
2022-08-24,"-3,81583333","-38,53777777",0.0,1011.51,992.21,26.81,71.58,6.3
2022-08-25,"-3,81583333","-38,53777777",0.0,1011.87,1441.91,26.94,64.29,7.48
2022-08-26,"-3,81583333","-38,53777777",0.0,1011.77,1552.64,26.58,60.33,7.22
2022-08-27,"-3,81583333","-38,53777777",0.0,1010.61,1530.6,26.38,67.21,6.7
2022-08-28,"-3,81583333","-38,53777777",0.0,1010.61,1492.75,27.13,64.96,7.96
2022-08-29,"-3,81583333","-38,53777777",0.0,1010.42,1520.99,27.05,66.67,7.54
2022-08-30,"-3,81583333","-38,53777777",0.0,1010.02,1529.78,27.7,61.25,8.43
2022-08-31,"-3,81583333","-38,53777777",0.0,1010.57,1547.42,27.45,61.79,7.44
2022-09-01,"-3,81583333","-38,53777777",0.0,1010.08,1520.12,26.91,65.71,8.0
2022-09-02,"-3,81583333","-38,53777777",0.0,1010.49,1529.62,26.79,65.5,8.74
2022-09-03,"-3,81583333","-38,53777777",0.0,1011.45,1297.88,26.84,67.88,9.02
2022-09-04,"-3,81583333","-38,53777777",0.0,1011.19,1417.22,27.21,68.42,6.74
2022-09-05,"-3,81583333","-38,53777777",0.0,1011.85,1554.22,27.58,66.25,9.02
2022-09-06,"-3,81583333","-38,53777777",0.0,1012.18,1188.78,27.4,67.04,9.02
2022-09-07,"-3,81583333","-38,53777777",0.0,1011.87,1571.58,27.65,57.12,8.4
2022-09-08,"-3,81583333","-38,53777777",0.0,1010.7,1587.68,27.09,59.92,8.08
2022-09-09,"-3,81583333","-38,53777777",0.0,1011.25,1526.65,27.06,65.0,7.8
2022-09-10,"-3,81583333","-38,53777777",0.0,1011.86,1550.42,26.87,68.25,7.51
2022-09-11,"-3,81583333","-38,53777777",0.0,1011.23,1012.68,26.6,68.12,7.74
2022-09-12,"-3,81583333","-38,53777777",0.2,1010.17,1504.48,27.25,66.21,8.25
2022-09-13,"-3,81583333","-38,53777777",1.2,1009.7,1491.87,27.11,68.0,8.35
2022-09-14,"-3,81583333","-38,53777777",0.4,1010.54,1448.23,27.25,71.25,6.89
2022-09-15,"-3,81583333","-38,53777777",0.6,1011.08,1286.8,27.14,67.25,8.25
2022-09-16,"-3,81583333","-38,53777777",1.4,1010.86,1243.01,26.58,71.38,6.39
2022-09-17,"-3,81583333","-38,53777777",0.0,1010.16,1517.66,26.81,69.0,6.9
2022-09-18,"-3,81583333","-38,53777777",0.4,1009.61,1286.08,27.36,68.92,7.63
2022-09-19,"-3,81583333","-38,53777777",0.8,1009.24,1499.47,27.5,67.5,8.09
2022-09-20,"-3,81583333","-38,53777777",0.0,1009.3,1628.45,27.31,65.22,9.0
2022-09-21,"-3,81583333","-38,53777777",0.0,1009.39,1290.8,27.02,69.71,8.3
2022-09-22,"-3,81583333","-38,53777777",0.0,1009.63,1555.1,27.63,63.29,7.98
2022-09-23,"-3,81583333","-38,53777777",0.0,1009.52,1455.39,27.43,68.33,6.43
2022-09-24,"-3,81583333","-38,53777777",0.0,1009.68,1386.45,27.72,68.38,7.36
2022-09-25,"-3,81583333","-38,53777777",0.0,1010.15,1341.91,27.58,65.33,7.68
2022-09-26,"-3,81583333","-38,53777777",1.6,1010.38,1467.76,27.28,67.58,7.78
2022-09-27,"-3,81583333","-38,53777777",0.0,1010.47,1475.05,27.38,66.21,8.22
2022-09-28,"-3,81583333","-38,53777777",0.2,1009.77,1591.75,27.38,63.48,8.81
2022-09-29,"-3,81583333","-38,53777777",0.2,1009.64,1580.04,27.57,64.46,8.39
2022-09-30,"-3,81583333","-38,53777777",0.0,1010.01,1439.64,27.61,65.71,7.81
2022-10-01,"-3,81583333","-38,53777777",0.0,1010.4,1567.89,27.56,65.46,8.74
2022-10-02,"-3,81583333","-38,53777777",0.6,1010.64,1582.49,27.55,64.42,8.7
2022-10-03,"-3,81583333","-38,53777777",1.0,1010.74,1574.65,27.31,64.17,7.58
2022-10-04,"-3,81583333","-38,53777777",0.0,1009.78,1523.08,27.43,66.17,6.62
2022-10-05,"-3,81583333","-38,53777777",0.0,1009.0,1491.79,27.56,66.5,8.44
2022-10-06,"-3,81583333","-38,53777777",0.0,1009.74,1601.46,27.98,64.58,8.53
2022-10-07,"-3,81583333","-38,53777777",0.0,1009.28,1529.79,27.58,69.42,5.83
2022-10-08,"-3,81583333","-38,53777777",0.4,1007.92,1431.38,27.7,69.75,7.75
2022-10-09,"-3,81583333","-38,53777777",0.0,1008.64,1221.55,27.68,69.71,8.56
2022-10-10,"-3,81583333","-38,53777777",0.0,1010.1,1509.13,28.2,66.5,8.91
2022-10-11,"-3,81583333","-38,53777777",0.0,1010.24,1658.28,28.3,61.5,8.87
2022-10-12,"-3,81583333","-38,53777777",0.0,1008.42,1622.28,28.42,58.42,7.73
2022-10-13,"-3,81583333","-38,53777777",0.0,1009.18,1403.97,28.28,65.04,8.69
2022-10-14,"-3,81583333","-38,53777777",0.0,1010.5,1442.88,27.92,65.0,8.3
2022-10-15,"-3,81583333","-38,53777777",0.0,1009.89,1565.72,27.65,65.71,7.27
2022-10-16,"-3,81583333","-38,53777777",0.0,1008.44,1661.02,28.25,60.71,9.14
2022-10-17,"-3,81583333","-38,53777777",1.0,1008.39,1494.73,27.75,66.0,10.17
2022-10-18,"-3,81583333","-38,53777777",0.4,1010.36,1531.11,27.92,65.83,9.62
2022-10-19,"-3,81583333","-38,53777777",3.6,1010.67,1576.18,27.77,67.67,8.74
2022-10-20,"-3,81583333","-38,53777777",0.0,1008.97,1559.01,27.84,62.74,9.8
2022-10-21,"-3,81583333","-38,53777777",0.0,1007.75,1628.25,27.75,63.08,9.53
2022-10-22,"-3,81583333","-38,53777777",1.6,1008.81,853.38,27.04,70.96,8.72
2022-10-23,"-3,81583333","-38,53777777",0.2,1009.99,1234.05,27.72,68.5,7.86
2022-10-24,"-3,81583333","-38,53777777",0.0,1009.03,1110.45,27.78,68.5,8.16
2022-10-25,"-3,81583333","-38,53777777",0.0,1007.95,1329.85,27.82,67.08,8.58
2022-10-26,"-3,81583333","-38,53777777",0.0,1008.44,1317.69,27.53,67.04,6.37
2022-10-27,"-3,81583333","-38,53777777",0.0,1009.19,1791.96,27.81,67.27,7.0
2022-10-28,"-3,81583333","-38,53777777",0.0,1008.99,1498.67,28.24,64.79,8.62
2022-10-29,"-3,81583333","-38,53777777",0.0,1007.47,1329.22,28.12,65.75,9.3
2022-10-30,"-3,81583333","-38,53777777",0.2,1007.06,1510.49,28.08,61.25,8.8
2022-10-31,"-3,81583333","-38,53777777",0.0,1008.08,1634.53,27.83,65.43,6.4
2022-11-01,"-3,81583333","-38,53777777",0.0,1009.04,1443.28,27.92,67.33,6.39
2022-11-02,"-3,81583333","-38,53777777",0.0,1008.91,1479.35,27.4,70.46,5.32
2022-11-03,"-3,81583333","-38,53777777",0.2,1008.62,1206.43,27.69,68.62,7.4
2022-11-04,"-3,81583333","-38,53777777",5.0,1008.77,1321.17,27.42,72.83,5.88
2022-11-05,"-3,81583333","-38,53777777",0.0,1008.81,1395.63,27.49,72.33,4.86
2022-11-06,"-3,81583333","-38,53777777",3.0,1009.05,1106.11,27.47,72.17,6.49
2022-11-07,"-3,81583333","-38,53777777",7.0,1009.65,1305.25,27.13,72.29,6.89
2022-11-08,"-3,81583333","-38,53777777",0.0,1010.25,1603.38,27.72,66.08,6.86
2022-11-09,"-3,81583333","-38,53777777",0.0,1010.68,1434.99,27.42,70.46,5.44
2022-11-10,"-3,81583333","-38,53777777",0.0,1009.48,1606.65,28.13,65.83,7.31
2022-11-11,"-3,81583333","-38,53777777",0.0,1008.55,1350.59,27.81,65.54,7.53
2022-11-12,"-3,81583333","-38,53777777",0.0,1007.73,1281.03,27.92,64.71,7.01
2022-11-13,"-3,81583333","-38,53777777",0.0,1008.36,1014.05,27.83,67.75,6.32
2022-11-14,"-3,81583333","-38,53777777",2.8,1009.51,751.14,27.46,71.46,7.55
2022-11-15,"-3,81583333","-38,53777777",0.4,1010.44,1671.23,27.92,65.25,6.6
2022-11-16,"-3,81583333","-38,53777777",0.0,1008.74,1455.73,27.44,69.46,6.35
2022-11-17,"-3,81583333","-38,53777777",0.4,1007.95,1564.85,27.97,64.88,7.6
2022-11-18,"-3,81583333","-38,53777777",0.0,1008.32,1539.96,28.12,64.79,7.15
2022-11-19,"-3,81583333","-38,53777777",0.0,1009.25,1499.02,27.78,66.25,6.52
2022-11-20,"-3,81583333","-38,53777777",0.0,1008.33,1500.12,27.87,67.62,6.92
2022-11-21,"-3,81583333","-38,53777777",4.8,1007.67,1403.46,27.65,68.25,7.88
2022-11-22,"-3,81583333","-38,53777777",0.0,1007.4,1512.01,27.79,64.88,7.6
2022-11-23,"-3,81583333","-38,53777777",0.2,1007.36,1344.41,27.66,63.96,7.56
2022-11-24,"-3,81583333","-38,53777777",0.8,1007.3,1620.04,27.49,67.92,6.23
2022-11-25,"-3,81583333","-38,53777777",0.4,1008.15,1553.52,28.1,67.0,7.18
2022-11-26,"-3,81583333","-38,53777777",0.0,1008.85,1515.95,27.71,70.38,5.66
2022-11-27,"-3,81583333","-38,53777777",0.8,1008.35,1351.57,27.75,69.71,7.05
2022-11-28,"-3,81583333","-38,53777777",0.0,1005.96,1527.77,28.02,67.17,6.24
2022-11-29,"-3,81583333","-38,53777777",0.0,1004.13,1450.92,27.35,70.21,4.65
2022-11-30,"-3,81583333","-38,53777777",0.0,1005.08,784.85,27.34,70.38,5.44
2022-12-01,"-3,81583333","-38,53777777",0.2,1006.9,662.72,27.64,67.74,6.7
2022-12-02,"-3,81583333","-38,53777777",0.0,1007.1,1576.63,28.3,61.71,8.81
2022-12-03,"-3,81583333","-38,53777777",0.0,1006.16,1557.53,28.13,63.71,8.57
2022-12-04,"-3,81583333","-38,53777777",2.6,1006.14,1617.32,27.64,66.12,8.05
2022-12-05,"-3,81583333","-38,53777777",0.2,1007.64,1605.28,28.04,66.0,8.05
2022-12-06,"-3,81583333","-38,53777777",0.0,1009.79,1375.98,27.96,64.38,7.61
2022-12-07,"-3,81583333","-38,53777777",0.0,1008.24,1523.14,27.58,68.58,6.12
2022-12-08,"-3,81583333","-38,53777777",0.0,1007.03,1532.62,28.29,66.92,7.26
2022-12-09,"-3,81583333","-38,53777777",0.0,1008.3,1451.51,28.18,68.42,7.02
2022-12-10,"-3,81583333","-38,53777777",2.0,1009.08,1463.44,27.88,70.25,6.69
2022-12-11,"-3,81583333","-38,53777777",0.0,1009.03,1460.71,28.31,67.58,7.49
2022-12-12,"-3,81583333","-38,53777777",2.0,1008.45,1448.84,28.1,67.26,7.2
2022-12-13,"-3,81583333","-38,53777777",0.0,1008.09,1428.33,27.74,69.7,5.62
2022-12-14,"-3,81583333","-38,53777777",0.0,1007.91,1170.3,28.45,67.71,7.18
2022-12-15,"-3,81583333","-38,53777777",0.0,1008.08,1314.45,28.15,67.04,6.63
2022-12-16,"-3,81583333","-38,53777777",0.0,1007.15,1502.93,28.18,65.25,6.56
2022-12-17,"-3,81583333","-38,53777777",0.0,1006.38,1339.0,27.93,65.67,7.42
2022-12-18,"-3,81583333","-38,53777777",0.0,1007.52,1522.17,27.98,64.83,6.89
2022-12-19,"-3,81583333","-38,53777777",0.6,1008.39,1572.37,27.93,66.33,7.02
2022-12-20,"-3,81583333","-38,53777777",0.0,1008.43,1498.84,27.88,66.96,6.35
2022-12-21,"-3,81583333","-38,53777777",0.0,1008.07,1318.04,28.03,69.92,5.94
2022-12-22,"-3,81583333","-38,53777777",0.0,1007.41,1215.42,28.47,68.08,7.02
2022-12-23,"-3,81583333","-38,53777777",0.0,1008.48,798.94,27.73,71.04,4.67
2022-12-24,"-3,81583333","-38,53777777",8.2,1009.14,715.51,26.82,74.92,4.82
2022-12-25,"-3,81583333","-38,53777777",1.0,1008.62,885.29,26.98,72.08,6.12
2022-12-26,"-3,81583333","-38,53777777",0.0,1008.11,1522.46,27.5,67.67,6.75
2022-12-27,"-3,81583333","-38,53777777",0.0,1008.7,1585.39,28.05,66.21,6.5
2022-12-28,"-3,81583333","-38,53777777",0.0,1009.13,1427.71,28.64,65.09,8.33
2022-12-29,"-3,81583333","-38,53777777",1.8,1009.94,1333.82,27.61,71.67,6.85
2022-12-30,"-3,81583333","-38,53777777",0.4,1009.27,1062.29,27.72,70.82,7.22
2022-12-31,"-3,81583333","-38,53777777",0.0,1008.73,1292.77,28.21,64.92,8.48
2022-01-01,"-10,14777777","-48,31444444",0.4,977.52,1369.95,26.1,74.75,3.61
2022-01-02,"-10,14777777","-48,31444444",15.0,978.34,806.77,25.2,84.75,3.08
2022-01-03,"-10,14777777","-48,31444444",0.8,978.63,1265.94,26.15,78.88,2.52
2022-01-04,"-10,14777777","-48,31444444",7.0,977.43,1027.97,25.27,82.33,3.17
2022-01-05,"-10,14777777","-48,31444444",0.0,976.75,1274.59,26.06,78.92,2.72
2022-01-06,"-10,14777777","-48,31444444",11.4,977.46,921.45,25.14,81.08,4.27
2022-01-07,"-10,14777777","-48,31444444",1.6,977.23,1453.02,26.3,77.04,3.62
2022-01-08,"-10,14777777","-48,31444444",15.2,978.19,453.19,24.1,86.46,4.17
2022-01-09,"-10,14777777","-48,31444444",10.6,979.18,1007.0,24.38,84.83,3.1
2022-01-10,"-10,14777777","-48,31444444",11.6,979.12,1056.95,24.87,82.79,2.84
2022-01-11,"-10,14777777","-48,31444444",4.4,977.48,1579.24,26.66,74.29,4.08
2022-01-12,"-10,14777777","-48,31444444",32.6,979.7,326.66,23.1,89.25,4.12
2022-01-13,"-10,14777777","-48,31444444",0.0,981.38,1182.59,24.63,77.21,2.32
2022-01-14,"-10,14777777","-48,31444444",8.8,980.78,1516.99,26.78,72.67,3.74
2022-01-15,"-10,14777777","-48,31444444",0.0,980.51,1526.07,27.4,71.54,2.96
2022-01-16,"-10,14777777","-48,31444444",0.0,979.19,1565.58,27.87,63.75,3.87
2022-01-17,"-10,14777777","-48,31444444",4.8,979.22,711.77,25.05,80.25,3.28
2022-01-18,"-10,14777777","-48,31444444",21.2,979.54,517.13,24.42,85.29,2.4
2022-01-19,"-10,14777777","-48,31444444",2.8,980.89,1377.76,26.21,75.54,2.73
2022-01-20,"-10,14777777","-48,31444444",0.0,979.44,1645.97,27.76,67.62,2.84
2022-01-21,"-10,14777777","-48,31444444",0.0,977.36,1853.08,28.44,61.96,3.54
2022-01-22,"-10,14777777","-48,31444444",2.2,976.83,1544.82,28.08,66.88,3.68
2022-01-23,"-10,14777777","-48,31444444",4.8,976.85,1428.36,27.28,70.75,3.93
2022-01-24,"-10,14777777","-48,31444444",64.0,977.6,1188.28,24.95,81.08,3.52
2022-01-25,"-10,14777777","-48,31444444",1.8,977.9,1065.17,24.6,81.96,3.65
2022-01-26,"-10,14777777","-48,31444444",0.6,978.13,1072.24,25.25,77.62,2.95
2022-01-27,"-10,14777777","-48,31444444",1.2,978.15,1195.84,24.59,77.5,3.07
2022-01-28,"-10,14777777","-48,31444444",0.0,977.42,1507.29,25.12,76.08,4.65
2022-01-29,"-10,14777777","-48,31444444",0.0,977.21,1298.05,25.84,70.38,5.11
2022-01-30,"-10,14777777","-48,31444444",0.4,978.38,1551.68,27.2,63.92,5.48
2022-01-31,"-10,14777777","-48,31444444",3.2,978.95,1195.12,26.02,76.96,3.53
2022-02-01,"-10,14777777","-48,31444444",14.4,978.75,785.36,25.55,82.46,2.63
2022-02-02,"-10,14777777","-48,31444444",11.2,978.26,1509.22,26.05,77.92,3.03
2022-02-03,"-10,14777777","-48,31444444",4.2,978.7,1120.51,24.98,81.08,2.92
2022-02-04,"-10,14777777","-48,31444444",0.0,977.82,1396.97,26.95,75.96,2.62
2022-02-05,"-10,14777777","-48,31444444",15.4,977.15,949.56,26.74,80.5,2.49
2022-02-06,"-10,14777777","-48,31444444",60.6,978.26,811.79,24.86,84.25,2.93
2022-02-07,"-10,14777777","-48,31444444",0.0,978.2,1670.82,26.56,75.08,2.62
2022-02-08,"-10,14777777","-48,31444444",0.0,976.95,1466.05,27.78,70.88,2.75
2022-02-09,"-10,14777777","-48,31444444",5.0,976.35,1576.13,27.23,72.33,4.16
2022-02-10,"-10,14777777","-48,31444444",1.8,977.54,1114.81,25.22,80.25,3.4
2022-02-11,"-10,14777777","-48,31444444",37.4,976.87,1344.01,26.59,71.17,3.02
2022-02-12,"-10,14777777","-48,31444444",67.4,977.43,991.81,24.8,84.54,3.24
2022-02-13,"-10,14777777","-48,31444444",19.8,978.01,1644.82,25.08,78.58,4.08
2022-02-14,"-10,14777777","-48,31444444",4.0,978.09,1421.29,25.96,75.38,4.0
2022-02-15,"-10,14777777","-48,31444444",0.0,977.85,1525.67,27.65,72.96,2.96
2022-02-16,"-10,14777777","-48,31444444",13.8,979.48,923.93,25.35,79.17,3.67
2022-02-17,"-10,14777777","-48,31444444",0.0,978.87,1850.18,26.4,72.21,3.94
2022-02-18,"-10,14777777","-48,31444444",9.6,976.38,1358.56,26.29,76.12,3.64
2022-02-19,"-10,14777777","-48,31444444",20.4,977.2,358.78,24.05,87.46,3.05
2022-02-20,"-10,14777777","-48,31444444",12.4,979.24,1353.84,25.49,78.88,2.26
2022-02-21,"-10,14777777","-48,31444444",0.6,979.06,1210.79,27.19,73.71,2.92
2022-02-22,"-10,14777777","-48,31444444",2.0,978.44,1694.39,27.72,71.71,4.3
2022-02-23,"-10,14777777","-48,31444444",15.6,977.64,377.67,24.38,85.25,2.71
2022-02-24,"-10,14777777","-48,31444444",0.2,978.02,1496.74,27.05,77.0,3.1
2022-02-25,"-10,14777777","-48,31444444",9.6,978.23,1494.44,28.92,70.21,3.7
2022-02-26,"-10,14777777","-48,31444444",0.2,978.62,588.64,25.66,81.04,3.05
2022-02-27,"-10,14777777","-48,31444444",0.0,977.15,1573.49,28.22,71.33,2.62
2022-02-28,"-10,14777777","-48,31444444",10.2,977.02,953.78,27.04,75.29,3.12
2022-03-01,"-10,14777777","-48,31444444",35.0,977.88,1148.5,26.03,80.88,3.85
2022-03-02,"-10,14777777","-48,31444444",43.4,979.17,266.53,23.23,88.12,3.51
2022-03-03,"-10,14777777","-48,31444444",2.0,978.88,888.15,24.14,83.58,2.96
2022-03-04,"-10,14777777","-48,31444444",1.4,977.42,1132.46,26.36,76.25,3.03
2022-03-05,"-10,14777777","-48,31444444",1.6,977.17,1159.18,25.53,74.04,4.98
2022-03-06,"-10,14777777","-48,31444444",29.4,977.39,1465.92,26.11,75.54,3.63
2022-03-07,"-10,14777777","-48,31444444",35.2,977.6,704.08,24.48,86.38,3.69
2022-03-08,"-10,14777777","-48,31444444",21.6,977.38,1211.19,25.22,82.38,3.09
2022-03-09,"-10,14777777","-48,31444444",11.2,977.22,1639.43,26.64,76.33,3.65
2022-03-10,"-10,14777777","-48,31444444",1.0,977.78,923.97,25.92,80.42,2.52
2022-03-11,"-10,14777777","-48,31444444",11.4,978.11,703.01,24.85,84.33,3.21
2022-03-12,"-10,14777777","-48,31444444",0.0,978.17,1380.64,25.82,77.75,2.35
2022-03-13,"-10,14777777","-48,31444444",0.0,977.98,1426.63,27.12,73.83,3.1
2022-03-14,"-10,14777777","-48,31444444",55.0,976.7,1339.31,27.0,73.33,3.65
2022-03-15,"-10,14777777","-48,31444444",2.8,977.92,900.9,24.92,84.96,2.92
2022-03-16,"-10,14777777","-48,31444444",0.0,978.3,1302.89,25.88,77.83,3.13
2022-03-17,"-10,14777777","-48,31444444",3.0,978.63,1533.19,26.4,72.79,4.25
2022-03-18,"-10,14777777","-48,31444444",20.0,978.67,975.86,26.45,76.71,3.12
2022-03-19,"-10,14777777","-48,31444444",6.4,978.02,1543.45,26.82,77.92,2.49
2022-03-20,"-10,14777777","-48,31444444",8.0,977.94,906.54,26.09,79.88,3.03
2022-03-21,"-10,14777777","-48,31444444",2.0,977.57,1320.57,25.88,79.21,3.15
2022-03-22,"-10,14777777","-48,31444444",0.0,977.34,1463.96,27.31,72.54,3.42
2022-03-23,"-10,14777777","-48,31444444",2.6,978.15,1051.54,26.03,82.33,2.92
2022-03-24,"-10,14777777","-48,31444444",44.4,978.56,221.59,24.38,88.04,2.67
2022-03-25,"-10,14777777","-48,31444444",29.0,978.1,941.79,24.85,84.83,2.47
2022-03-26,"-10,14777777","-48,31444444",0.2,976.72,1381.95,26.48,74.17,3.75
2022-03-27,"-10,14777777","-48,31444444",11.2,977.2,1241.94,25.84,77.08,3.17
2022-03-28,"-10,14777777","-48,31444444",15.2,978.44,770.48,24.97,84.67,3.16
2022-03-29,"-10,14777777","-48,31444444",32.4,978.66,405.39,23.88,89.25,2.31
2022-03-30,"-10,14777777","-48,31444444",0.2,977.27,1553.56,26.03,79.42,2.78
2022-03-31,"-10,14777777","-48,31444444",0.2,977.39,1342.77,27.25,75.67,3.33
2022-04-01,"-10,14777777","-48,31444444",0.0,979.39,1137.88,26.9,76.5,2.97
2022-04-02,"-10,14777777","-48,31444444",0.0,979.01,1438.52,27.46,72.33,2.82
2022-04-03,"-10,14777777","-48,31444444",0.0,977.69,1501.85,28.14,67.62,3.2
2022-04-04,"-10,14777777","-48,31444444",0.0,977.79,1415.8,28.47,68.42,3.19
2022-04-05,"-10,14777777","-48,31444444",0.0,977.86,1344.14,28.48,69.75,2.87
2022-04-06,"-10,14777777","-48,31444444",3.2,977.82,1104.14,26.74,75.67,3.71
2022-04-07,"-10,14777777","-48,31444444",0.0,977.6,1214.7,27.35,74.29,2.7
2022-04-08,"-10,14777777","-48,31444444",0.0,978.3,1222.25,28.17,70.0,3.17
2022-04-09,"-10,14777777","-48,31444444",0.0,978.03,1655.76,28.39,69.5,2.7
2022-04-10,"-10,14777777","-48,31444444",3.4,976.85,1396.62,27.96,71.42,3.35
2022-04-11,"-10,14777777","-48,31444444",0.0,976.55,1475.64,28.39,69.67,2.84
2022-04-12,"-10,14777777","-48,31444444",0.0,977.05,1107.18,27.48,72.75,3.02
2022-04-13,"-10,14777777","-48,31444444",15.4,977.32,1079.59,26.68,77.17,2.94
2022-04-14,"-10,14777777","-48,31444444",3.8,977.14,1361.87,26.7,77.75,4.05
2022-04-15,"-10,14777777","-48,31444444",0.4,977.18,897.35,26.46,79.83,2.68
2022-04-16,"-10,14777777","-48,31444444",0.0,977.4,1450.98,27.61,73.96,2.65
2022-04-17,"-10,14777777","-48,31444444",7.8,978.2,900.7,26.16,81.0,3.15
2022-04-18,"-10,14777777","-48,31444444",40.0,978.62,835.76,25.88,83.08,2.9
2022-04-19,"-10,14777777","-48,31444444",2.4,978.61,1265.08,27.02,73.62,3.47
2022-04-20,"-10,14777777","-48,31444444",0.0,978.13,1580.56,28.4,65.67,4.04
2022-04-21,"-10,14777777","-48,31444444",18.0,977.98,1438.8,27.12,74.92,4.18
2022-04-22,"-10,14777777","-48,31444444",4.2,977.25,629.5,25.46,85.12,2.77
2022-04-23,"-10,14777777","-48,31444444",0.2,978.08,1343.13,26.48,79.92,2.31
2022-04-24,"-10,14777777","-48,31444444",0.0,979.13,1038.52,26.35,80.0,2.75
2022-04-25,"-10,14777777","-48,31444444",0.0,978.62,1762.95,27.51,67.92,3.65
2022-04-26,"-10,14777777","-48,31444444",0.0,978.04,1767.38,28.1,54.88,5.88
2022-04-27,"-10,14777777","-48,31444444",0.0,977.9,1672.02,28.12,56.83,3.86
2022-04-28,"-10,14777777","-48,31444444",0.0,979.04,1487.15,27.91,62.17,3.4
2022-04-29,"-10,14777777","-48,31444444",0.0,978.77,1726.47,28.72,59.54,3.96
2022-04-30,"-10,14777777","-48,31444444",0.0,978.89,1442.9,28.53,58.42,3.73
2022-05-01,"-10,14777777","-48,31444444",0.0,978.65,1472.56,27.86,63.58,2.64
2022-05-02,"-10,14777777","-48,31444444",0.0,978.99,1555.12,28.11,61.25,2.88
2022-05-03,"-10,14777777","-48,31444444",0.0,979.11,1331.52,28.14,61.58,2.67
2022-05-04,"-10,14777777","-48,31444444",0.0,978.89,1635.83,28.33,64.33,2.49
2022-05-05,"-10,14777777","-48,31444444",2.6,979.44,964.52,26.72,73.88,3.18
2022-05-06,"-10,14777777","-48,31444444",0.4,979.96,1361.88,26.9,75.79,3.18
2022-05-07,"-10,14777777","-48,31444444",0.0,979.89,1269.45,27.98,69.79,2.26
2022-05-08,"-10,14777777","-48,31444444",0.0,979.63,1634.88,28.22,60.83,3.49
2022-05-09,"-10,14777777","-48,31444444",0.0,979.7,1269.02,25.35,64.0,1.45
2022-07-01,"-10,14777777","-48,31444444",0.4,979.34,1724.94,32.14,29.78,4.66
2022-07-02,"-10,14777777","-48,31444444",0.0,980.83,1448.52,27.9,46.25,4.7
2022-07-03,"-10,14777777","-48,31444444",0.0,982.04,1567.46,29.35,39.17,10.05
2022-07-04,"-10,14777777","-48,31444444",0.0,982.27,1589.59,27.82,37.33,7.55
2022-07-05,"-10,14777777","-48,31444444",0.0,981.25,1592.61,25.65,51.21,4.0
2022-07-06,"-10,14777777","-48,31444444",0.0,980.74,1361.12,26.47,49.29,5.12
2022-07-07,"-10,14777777","-48,31444444",0.0,981.17,1568.9,26.57,48.83,4.22
2022-07-08,"-10,14777777","-48,31444444",0.0,982.4,1562.52,29.15,41.33,6.69
2022-07-09,"-10,14777777","-48,31444444",0.0,981.59,1598.97,29.72,37.29,7.18
2022-07-10,"-10,14777777","-48,31444444",0.0,980.99,1601.39,28.83,33.92,9.4
2022-07-11,"-10,14777777","-48,31444444",0.0,979.71,1516.58,27.62,45.04,5.64
2022-07-12,"-10,14777777","-48,31444444",0.0,980.62,1595.46,26.53,45.75,3.7
2022-07-13,"-10,14777777","-48,31444444",0.0,980.44,1559.31,26.6,48.46,3.67
2022-07-14,"-10,14777777","-48,31444444",0.0,979.62,1191.71,28.04,48.46,5.49
2022-07-15,"-10,14777777","-48,31444444",0.0,979.76,1548.41,28.44,43.67,5.1
2022-07-16,"-10,14777777","-48,31444444",0.0,979.72,1594.94,27.83,46.12,3.47
2022-07-17,"-10,14777777","-48,31444444",0.0,980.95,1601.17,26.84,43.54,4.47
2022-07-18,"-10,14777777","-48,31444444",0.0,981.33,1580.55,28.85,31.71,6.93
2022-07-19,"-10,14777777","-48,31444444",0.0,981.55,1579.24,27.78,41.0,6.79
2022-07-20,"-10,14777777","-48,31444444",0.0,980.09,1549.11,27.21,45.21,5.14
2022-07-21,"-10,14777777","-48,31444444",0.0,979.63,1493.96,26.9,46.17,4.38
2022-07-22,"-10,14777777","-48,31444444",0.0,979.4,1521.84,28.23,41.04,4.88
2022-07-23,"-10,14777777","-48,31444444",0.0,979.29,1575.62,28.72,36.54,5.78
2022-07-24,"-10,14777777","-48,31444444",0.0,979.6,1487.58,28.66,35.29,7.43
2022-07-25,"-10,14777777","-48,31444444",0.0,980.24,1495.14,26.92,47.38,5.55
2022-07-26,"-10,14777777","-48,31444444",0.0,980.91,1506.06,28.32,36.46,7.42
2022-07-27,"-10,14777777","-48,31444444",0.0,981.13,1603.1,27.52,38.67,5.46
2022-07-28,"-10,14777777","-48,31444444",0.0,979.67,1658.86,27.1,41.92,3.89
2022-07-29,"-10,14777777","-48,31444444",0.0,979.85,1624.43,26.59,44.92,2.45
2022-07-30,"-10,14777777","-48,31444444",0.0,979.46,1612.66,27.9,43.33,2.82
2022-07-31,"-10,14777777","-48,31444444",0.0,979.5,1609.46,28.37,43.46,2.48
2022-08-01,"-10,14777777","-48,31444444",0.0,979.26,1458.24,27.91,48.42,3.56
2022-08-02,"-10,14777777","-48,31444444",0.0,978.59,1524.16,28.74,42.0,5.92
2022-08-03,"-10,14777777","-48,31444444",0.0,978.42,1663.63,29.52,32.33,7.31
2022-08-04,"-10,14777777","-48,31444444",0.0,978.24,1531.44,28.42,43.88,3.67
2022-08-05,"-10,14777777","-48,31444444",0.0,978.13,1205.83,28.75,48.83,3.17
2022-08-06,"-10,14777777","-48,31444444",0.0,977.57,1543.22,30.3,44.58,4.11
2022-08-07,"-10,14777777","-48,31444444",0.0,978.26,1673.29,29.67,41.54,4.39
2022-08-08,"-10,14777777","-48,31444444",0.0,978.35,1661.77,29.32,38.71,4.35
2022-08-09,"-10,14777777","-48,31444444",0.0,979.19,1587.22,29.83,38.92,4.7
2022-08-10,"-10,14777777","-48,31444444",0.0,980.18,1600.55,28.96,40.5,3.24
2022-08-11,"-10,14777777","-48,31444444",0.0,979.46,1623.13,28.47,44.25,2.98
2022-08-12,"-10,14777777","-48,31444444",0.0,980.41,1596.88,28.65,41.33,2.87
2022-08-13,"-10,14777777","-48,31444444",0.0,980.67,1489.95,28.84,40.38,4.92
2022-08-14,"-10,14777777","-48,31444444",0.0,980.91,1604.67,30.06,36.58,7.0
2022-08-15,"-10,14777777","-48,31444444",0.0,979.45,1685.36,30.06,34.17,9.48
2022-08-16,"-10,14777777","-48,31444444",0.0,979.55,1529.48,29.45,30.17,5.81
2022-08-17,"-10,14777777","-48,31444444",0.0,978.8,1700.14,28.75,34.58,5.9
2022-08-18,"-10,14777777","-48,31444444",0.0,978.7,1717.17,30.09,30.17,6.2
2022-08-19,"-10,14777777","-48,31444444",0.0,980.17,1695.39,29.78,36.12,4.46
2022-08-20,"-10,14777777","-48,31444444",0.0,979.46,1728.94,29.96,26.67,8.08
2022-08-21,"-10,14777777","-48,31444444",0.0,981.22,1664.22,29.87,27.88,9.64
2022-08-22,"-10,14777777","-48,31444444",0.0,980.58,1608.16,29.38,29.29,8.65
2022-08-23,"-10,14777777","-48,31444444",0.0,980.55,1598.58,29.55,29.5,8.32
2022-08-24,"-10,14777777","-48,31444444",0.0,980.6,1719.81,29.88,33.58,6.61
2022-08-25,"-10,14777777","-48,31444444",0.0,980.36,1463.06,29.77,35.83,5.17
2022-08-26,"-10,14777777","-48,31444444",0.0,980.22,1691.3,31.08,29.5,7.32
2022-08-27,"-10,14777777","-48,31444444",0.0,979.02,1712.68,31.37,25.5,8.85
2022-08-28,"-10,14777777","-48,31444444",0.0,979.89,1712.08,30.69,26.25,6.62
2022-08-29,"-10,14777777","-48,31444444",0.0,979.35,1689.78,30.14,30.38,4.79
2022-08-30,"-10,14777777","-48,31444444",0.0,979.19,1672.51,30.82,24.71,7.05
2022-08-31,"-10,14777777","-48,31444444",0.0,979.97,1526.33,30.95,25.67,10.67
2022-09-01,"-10,14777777","-48,31444444",0.0,979.15,1712.09,30.17,23.96,10.94
2022-09-02,"-10,14777777","-48,31444444",0.0,979.72,1711.2,29.55,26.29,7.19
2022-09-03,"-10,14777777","-48,31444444",0.0,979.86,1625.84,29.33,34.54,4.9
2022-09-04,"-10,14777777","-48,31444444",0.0,979.09,1644.25,31.08,32.62,5.4
2022-09-05,"-10,14777777","-48,31444444",0.0,979.48,1602.23,31.48,30.38,5.9
2022-09-06,"-10,14777777","-48,31444444",0.0,980.41,1573.59,32.43,25.62,9.25
2022-09-07,"-10,14777777","-48,31444444",0.0,979.88,1527.16,31.65,22.17,8.99
2022-09-08,"-10,14777777","-48,31444444",0.0,978.73,1505.19,30.15,30.38,5.66
2022-09-09,"-10,14777777","-48,31444444",0.0,978.98,1595.34,32.02,25.33,7.97
2022-09-10,"-10,14777777","-48,31444444",0.0,979.56,1702.33,31.56,29.79,3.9
2022-09-11,"-10,14777777","-48,31444444",0.0,978.41,1478.72,30.97,32.88,2.82
2022-09-12,"-10,14777777","-48,31444444",0.0,976.97,1412.59,31.89,33.33,3.68
2022-09-13,"-10,14777777","-48,31444444",0.0,976.85,1504.55,31.12,39.75,4.05
2022-09-14,"-10,14777777","-48,31444444",0.0,978.25,1660.93,30.99,35.54,3.87
2022-09-15,"-10,14777777","-48,31444444",0.0,977.66,1584.72,31.06,38.38,2.7
2022-09-16,"-10,14777777","-48,31444444",0.0,977.5,1156.34,30.87,39.5,4.21
2022-09-17,"-10,14777777","-48,31444444",0.0,976.69,1355.78,30.79,49.83,4.29
2022-09-18,"-10,14777777","-48,31444444",0.0,976.45,1450.25,31.31,42.46,3.83
2022-09-19,"-10,14777777","-48,31444444",0.0,977.67,1111.12,29.86,50.29,3.55
2022-09-20,"-10,14777777","-48,31444444",0.0,976.61,1469.55,31.31,45.54,3.95
2022-09-21,"-10,14777777","-48,31444444",0.4,976.12,1076.68,31.02,43.21,4.56
2022-09-22,"-10,14777777","-48,31444444",0.0,977.35,1387.0,29.66,55.83,4.29
2022-09-23,"-10,14777777","-48,31444444",11.6,979.7,1251.86,26.22,71.88,2.99
2022-09-24,"-10,14777777","-48,31444444",0.0,978.12,1574.32,28.58,61.04,3.38
2022-09-25,"-10,14777777","-48,31444444",19.0,979.21,1032.29,26.69,69.5,4.43
2022-09-26,"-10,14777777","-48,31444444",0.0,978.97,1849.57,28.78,58.04,4.36
2022-09-27,"-10,14777777","-48,31444444",0.0,978.58,1997.22,30.34,40.33,3.47
2022-09-28,"-10,14777777","-48,31444444",0.0,977.12,1878.79,30.56,37.71,4.03
2022-09-29,"-10,14777777","-48,31444444",0.0,976.73,1824.14,31.01,33.12,4.03
2022-09-30,"-10,14777777","-48,31444444",0.0,977.09,1751.78,30.7,38.33,3.58
2022-10-01,"-10,14777777","-48,31444444",0.0,977.76,1882.68,31.58,34.08,4.12
2022-10-02,"-10,14777777","-48,31444444",0.0,978.25,1740.31,31.65,33.04,3.87
2022-10-03,"-10,14777777","-48,31444444",0.0,978.28,1386.46,29.69,47.08,3.38
2022-10-04,"-10,14777777","-48,31444444",0.0,977.27,1712.45,29.7,55.83,2.82
2022-10-05,"-10,14777777","-48,31444444",6.0,976.27,1477.99,31.0,47.12,3.96
2022-10-06,"-10,14777777","-48,31444444",0.0,976.0,1544.43,30.86,50.75,4.12
2022-10-07,"-10,14777777","-48,31444444",0.0,977.53,933.18,29.29,56.54,3.09
2022-10-08,"-10,14777777","-48,31444444",0.0,976.92,1611.46,28.95,59.79,3.48
2022-10-09,"-10,14777777","-48,31444444",0.0,976.62,916.59,28.36,60.5,3.23
2022-10-10,"-10,14777777","-48,31444444",0.0,977.91,1461.45,29.04,57.46,3.78
2022-10-11,"-10,14777777","-48,31444444",0.0,979.09,1489.18,30.76,47.25,3.51
2022-10-12,"-10,14777777","-48,31444444",0.0,977.07,1881.34,31.45,36.12,4.05
2022-10-13,"-10,14777777","-48,31444444",0.0,976.73,1666.24,31.47,34.29,5.74
2022-10-14,"-10,14777777","-48,31444444",0.0,977.9,1553.49,31.19,40.33,2.95
2022-10-15,"-10,14777777","-48,31444444",0.0,978.1,1095.4,29.91,45.04,3.85
2022-10-16,"-10,14777777","-48,31444444",0.0,976.5,1522.22,30.63,43.62,4.87
2022-10-17,"-10,14777777","-48,31444444",0.0,975.97,1558.62,31.03,40.33,3.42
2022-10-18,"-10,14777777","-48,31444444",0.0,976.99,1694.45,31.6,36.12,3.75
2022-10-19,"-10,14777777","-48,31444444",0.0,977.84,1423.3,31.57,41.33,3.12
2022-10-20,"-10,14777777","-48,31444444",0.0,976.38,1303.15,30.05,51.71,3.2
2022-10-21,"-10,14777777","-48,31444444",0.0,975.91,1042.13,28.56,56.61,1.84
2022-10-22,"-10,14777777","-48,31444444",3.2,979.38,384.8,28.2,64.25,8.15
2022-10-23,"-10,14777777","-48,31444444",7.0,981.15,1524.55,26.71,71.25,4.22
2022-10-24,"-10,14777777","-48,31444444",4.0,979.52,1109.12,28.68,67.26,3.71
2022-10-25,"-10,14777777","-48,31444444",30.2,980.5,425.66,24.86,81.04,4.13
2022-10-26,"-10,14777777","-48,31444444",0.0,979.99,1155.67,26.69,70.55,2.57
2022-10-27,"-10,14777777","-48,31444444",0.0,979.35,1603.98,29.08,59.13,4.73
2022-10-28,"-10,14777777","-48,31444444",0.0,979.34,1466.89,29.95,56.29,4.99
2022-10-29,"-10,14777777","-48,31444444",0.0,979.57,891.28,27.26,71.04,4.88
2022-10-30,"-10,14777777","-48,31444444",0.0,977.41,2040.09,29.14,64.18,3.84
2022-10-31,"-10,14777777","-48,31444444",0.0,978.08,1140.75,28.23,67.05,4.75
2022-11-01,"-10,14777777","-48,31444444",13.8,981.08,540.75,25.13,79.46,5.44
2022-11-02,"-10,14777777","-48,31444444",0.0,982.91,726.53,24.69,79.33,3.18
2022-11-03,"-10,14777777","-48,31444444",0.0,981.18,1613.47,26.7,67.75,4.91
2022-11-04,"-10,14777777","-48,31444444",0.0,979.48,1333.11,27.54,67.22,3.97
2022-11-05,"-10,14777777","-48,31444444",54.2,980.74,990.24,25.29,76.78,4.47
2022-11-06,"-10,14777777","-48,31444444",0.4,980.9,1246.2,27.35,71.55,2.81
2022-11-07,"-10,14777777","-48,31444444",0.0,980.92,1354.18,28.59,60.82,4.69
2022-11-08,"-10,14777777","-48,31444444",0.0,981.24,1299.6,27.65,65.96,3.56
2022-11-09,"-10,14777777","-48,31444444",0.0,981.77,1356.81,28.02,64.71,3.5
2022-11-10,"-10,14777777","-48,31444444",4.0,981.6,627.9,25.52,78.05,3.37
2022-11-11,"-10,14777777","-48,31444444",0.0,980.1,1567.52,27.35,71.95,4.08
2022-11-12,"-10,14777777","-48,31444444",2.6,980.94,466.4,24.14,81.82,3.69
2022-11-13,"-10,14777777","-48,31444444",0.0,979.3,1968.83,26.79,69.77,3.65
2022-11-14,"-10,14777777","-48,31444444",7.0,980.23,1068.74,26.4,74.86,4.99
2022-11-15,"-10,14777777","-48,31444444",4.0,980.9,1387.86,27.68,73.3,3.0
2022-11-16,"-10,14777777","-48,31444444",0.6,981.5,1540.14,26.83,71.22,5.38
2022-11-17,"-10,14777777","-48,31444444",0.0,979.69,1415.95,27.86,69.52,3.27
2022-11-18,"-10,14777777","-48,31444444",6.0,979.17,1217.9,26.79,72.36,4.73
2022-11-19,"-10,14777777","-48,31444444",8.8,981.04,1561.46,25.28,72.27,5.17
2022-11-20,"-10,14777777","-48,31444444",0.0,980.77,1580.8,27.0,62.26,4.93
2022-11-21,"-10,14777777","-48,31444444",0.0,979.02,1201.53,27.2,64.96,4.91
2022-11-22,"-10,14777777","-48,31444444",1.4,979.7,943.71,25.87,73.55,4.25
2022-11-23,"-10,14777777","-48,31444444",16.4,978.8,1031.55,25.95,78.8,3.52
2022-11-24,"-10,14777777","-48,31444444",79.8,978.82,1072.49,25.41,80.19,4.2
2022-11-25,"-10,14777777","-48,31444444",44.6,980.22,1241.98,24.26,84.23,4.55
2022-11-26,"-10,14777777","-48,31444444",16.2,980.96,883.11,24.34,84.46,4.77
2022-11-27,"-10,14777777","-48,31444444",3.4,979.71,1628.67,26.38,73.33,3.83
2022-11-28,"-10,14777777","-48,31444444",5.2,977.32,1104.7,25.31,80.48,4.93
2022-11-29,"-10,14777777","-48,31444444",21.6,976.34,1071.06,24.43,82.95,6.43
2022-11-30,"-10,14777777","-48,31444444",2.0,976.22,1224.59,25.24,77.79,4.73
2022-12-01,"-10,14777777","-48,31444444",0.0,977.02,1624.71,26.7,75.57,3.54
2022-12-02,"-10,14777777","-48,31444444",3.8,977.96,1037.59,26.12,78.75,3.71
2022-12-03,"-10,14777777","-48,31444444",7.8,978.83,586.81,24.24,86.57,2.65
2022-12-04,"-10,14777777","-48,31444444",90.8,978.76,698.45,23.63,86.91,2.96
2022-12-05,"-10,14777777","-48,31444444",0.0,978.8,1895.77,27.14,70.0,3.82
2022-12-06,"-10,14777777","-48,31444444",0.0,981.4,1594.19,27.42,74.41,3.56
2022-12-07,"-10,14777777","-48,31444444",0.0,980.34,1813.92,29.55,57.67,4.25
2022-12-08,"-10,14777777","-48,31444444",11.0,978.11,1051.55,27.11,72.26,3.69
2022-12-09,"-10,14777777","-48,31444444",13.6,979.35,463.91,25.04,83.52,3.44
2022-12-10,"-10,14777777","-48,31444444",0.0,980.79,1742.94,27.78,69.95,3.94
2022-12-11,"-10,14777777","-48,31444444",1.0,980.36,1838.23,27.71,69.81,4.62
2022-12-12,"-10,14777777","-48,31444444",1.8,980.02,1368.04,26.52,73.55,4.35
2022-12-13,"-10,14777777","-48,31444444",0.0,979.45,1733.37,27.45,72.09,3.6
2022-12-14,"-10,14777777","-48,31444444",76.0,979.85,600.44,24.61,84.27,3.99
2022-12-15,"-10,14777777","-48,31444444",1.0,980.25,1650.59,25.69,78.46,2.98
2022-12-16,"-10,14777777","-48,31444444",13.0,978.34,1461.79,25.91,79.95,4.32
2022-12-17,"-10,14777777","-48,31444444",0.2,978.43,1449.69,25.7,78.24,3.09
2022-12-18,"-10,14777777","-48,31444444",0.0,979.44,1509.44,26.49,73.9,2.7
2022-12-19,"-10,14777777","-48,31444444",4.4,980.32,952.04,25.69,78.78,3.8
2022-12-20,"-10,14777777","-48,31444444",0.0,980.82,1384.51,25.5,80.75,3.71
2022-12-21,"-10,14777777","-48,31444444",0.6,979.99,1438.89,25.93,76.46,3.19
2022-12-22,"-10,14777777","-48,31444444",30.2,979.95,861.29,24.9,82.32,4.05
2022-12-23,"-10,14777777","-48,31444444",1.0,980.42,1283.39,25.38,79.87,4.22
2022-12-24,"-10,14777777","-48,31444444",1.2,980.39,931.86,24.6,82.9,3.14
2022-12-25,"-10,14777777","-48,31444444",1.4,979.86,1563.28,25.79,79.22,3.3
2022-12-26,"-10,14777777","-48,31444444",8.2,981.23,944.0,25.13,81.35,3.2
2022-12-27,"-10,14777777","-48,31444444",9.0,980.88,1264.81,26.17,78.29,3.06
2022-12-28,"-10,14777777","-48,31444444",10.2,982.4,879.87,24.44,83.96,3.7
2022-12-29,"-10,14777777","-48,31444444",1.2,982.37,1278.53,25.94,79.0,2.73
2022-12-30,"-10,14777777","-48,31444444",5.2,981.45,1073.16,25.21,83.43,3.32
2022-12-31,"-10,14777777","-48,31444444",1.0,981.56,1145.68,24.86,82.74,3.65
2022-01-01,"-3,10333333","-60,01638888",54.4,1003.97,529.12,26.16,83.04,4.73
2022-01-02,"-3,10333333","-60,01638888",0.2,1004.12,614.43,27.48,73.96,4.07
2022-01-03,"-3,10333333","-60,01638888",0.0,1004.46,609.6,28.34,69.79,3.72
2022-01-04,"-3,10333333","-60,01638888",0.0,1003.61,723.71,28.39,66.7,4.5
2022-01-05,"-3,10333333","-60,01638888",0.0,1002.69,724.25,28.59,66.25,4.45
2022-01-06,"-3,10333333","-60,01638888",0.6,1002.88,813.08,29.26,62.88,4.17
2022-01-07,"-3,10333333","-60,01638888",5.0,1004.11,261.17,26.38,80.5,4.47
2022-01-08,"-3,10333333","-60,01638888",6.2,1005.43,454.29,24.59,84.96,5.2
2022-01-09,"-3,10333333","-60,01638888",0.2,1006.3,543.66,26.05,77.5,2.99
2022-01-10,"-3,10333333","-60,01638888",0.0,1004.47,886.78,28.13,70.5,2.92
2022-01-11,"-3,10333333","-60,01638888",0.0,1003.96,577.92,28.68,68.88,3.42
2022-01-12,"-3,10333333","-60,01638888",11.6,1004.55,527.92,26.89,77.46,3.9
2022-01-13,"-3,10333333","-60,01638888",1.0,1005.02,462.29,26.94,79.92,4.24
2022-01-14,"-3,10333333","-60,01638888",27.0,1006.9,185.89,24.9,86.17,3.81
2022-01-15,"-3,10333333","-60,01638888",0.2,1006.21,769.37,26.87,79.38,3.88
2022-01-16,"-3,10333333","-60,01638888",0.2,1005.44,777.39,27.52,74.42,4.39
2022-01-17,"-3,10333333","-60,01638888",41.4,1005.54,135.1,24.75,87.17,3.87
2022-01-18,"-3,10333333","-60,01638888",0.0,1005.56,749.09,26.01,81.12,3.9
2022-01-19,"-3,10333333","-60,01638888",0.0,1005.84,739.6,27.21,77.21,4.08
2022-01-20,"-3,10333333","-60,01638888",3.8,1004.38,685.57,27.65,73.92,4.53
2022-01-21,"-3,10333333","-60,01638888",3.2,1003.37,698.07,27.54,78.71,3.46
2022-01-22,"-3,10333333","-60,01638888",0.8,1003.68,490.93,26.88,81.29,3.56
2022-01-23,"-3,10333333","-60,01638888",2.2,1004.04,450.66,26.3,80.83,2.51
2022-01-24,"-3,10333333","-60,01638888",29.8,1003.48,444.68,26.45,80.5,3.54
2022-01-25,"-3,10333333","-60,01638888",0.4,1002.94,652.71,27.08,75.58,5.43
2022-01-26,"-3,10333333","-60,01638888",35.4,1003.95,509.33,26.15,85.17,3.84
2022-01-27,"-3,10333333","-60,01638888",46.4,1004.1,699.91,26.22,80.43,3.56
2022-01-28,"-3,10333333","-60,01638888",9.0,1003.5,330.82,25.89,86.08,2.95
2022-01-29,"-3,10333333","-60,01638888",29.2,1003.09,289.4,24.93,85.46,3.69
2022-01-30,"-3,10333333","-60,01638888",3.2,1004.03,367.08,25.38,84.71,4.23
2022-01-31,"-3,10333333","-60,01638888",3.4,1004.09,586.32,26.23,80.29,4.57
2022-02-01,"-3,10333333","-60,01638888",0.0,1003.67,840.82,27.8,72.12,4.43
2022-02-02,"-3,10333333","-60,01638888",19.0,1004.0,115.47,25.78,82.92,3.85
2022-02-03,"-3,10333333","-60,01638888",7.4,1004.23,528.64,25.85,84.83,2.93
2022-02-04,"-3,10333333","-60,01638888",21.4,1004.58,424.78,25.58,84.67,3.24
2022-02-05,"-3,10333333","-60,01638888",1.4,1004.77,611.08,26.29,79.96,2.93
2022-02-06,"-3,10333333","-60,01638888",13.2,1004.58,521.11,26.27,82.17,3.4
2022-02-07,"-3,10333333","-60,01638888",17.8,1004.59,799.85,26.9,78.92,3.72
2022-02-08,"-3,10333333","-60,01638888",20.4,1003.72,481.75,26.83,82.83,3.54
2022-02-09,"-3,10333333","-60,01638888",1.2,1003.53,790.89,26.78,77.33,3.04
2022-02-10,"-3,10333333","-60,01638888",2.2,1002.95,350.52,27.02,79.62,3.17
2022-02-11,"-3,10333333","-60,01638888",14.8,1003.2,241.93,25.48,83.04,3.54
2022-02-12,"-3,10333333","-60,01638888",0.4,1002.99,710.0,27.13,78.83,3.49
2022-02-13,"-3,10333333","-60,01638888",1.8,1003.46,343.96,26.07,79.75,3.57
2022-02-14,"-3,10333333","-60,01638888",31.2,1004.46,238.01,24.62,90.17,3.55
2022-02-15,"-3,10333333","-60,01638888",3.0,1005.49,438.43,25.21,84.71,3.08
2022-02-16,"-3,10333333","-60,01638888",3.8,1005.71,700.92,25.85,76.88,4.24
2022-02-17,"-3,10333333","-60,01638888",34.4,1004.75,450.52,26.22,83.79,3.79
2022-02-18,"-3,10333333","-60,01638888",74.2,1004.3,293.75,24.14,92.83,2.69
2022-02-19,"-3,10333333","-60,01638888",4.2,1004.27,388.65,24.95,84.58,2.74
2022-02-20,"-3,10333333","-60,01638888",3.0,1003.84,628.5,26.45,79.78,4.49
2022-02-21,"-3,10333333","-60,01638888",0.0,1003.83,857.53,27.6,74.96,4.3
2022-02-22,"-3,10333333","-60,01638888",0.0,1003.65,430.23,27.15,79.71,3.56
2022-02-23,"-3,10333333","-60,01638888",16.2,1004.28,199.66,25.22,85.42,3.5
2022-02-24,"-3,10333333","-60,01638888",0.0,1003.72,738.35,26.4,79.67,2.82
2022-02-25,"-3,10333333","-60,01638888",0.0,1004.57,608.8,27.46,73.33,4.5
2022-02-26,"-3,10333333","-60,01638888",23.4,1004.87,441.1,26.46,81.91,3.15
2022-02-27,"-3,10333333","-60,01638888",17.0,1004.05,454.54,26.0,86.75,3.01
2022-02-28,"-3,10333333","-60,01638888",2.8,1004.0,455.1,25.72,85.08,3.68
2022-03-01,"-3,10333333","-60,01638888",19.0,1004.56,589.97,25.54,83.12,3.0
2022-03-02,"-3,10333333","-60,01638888",4.0,1004.47,575.74,25.62,83.3,3.85
2022-03-03,"-3,10333333","-60,01638888",0.0,1003.88,868.49,27.4,77.38,3.78
2022-03-04,"-3,10333333","-60,01638888",1.6,1003.64,585.58,26.26,80.42,3.2
2022-03-05,"-3,10333333","-60,01638888",0.2,1003.66,379.52,26.34,80.79,3.43
2022-03-06,"-3,10333333","-60,01638888",0.0,1003.46,751.03,26.65,73.88,4.11
2022-03-07,"-3,10333333","-60,01638888",14.2,1002.85,205.61,25.74,84.67,3.64
2022-03-08,"-3,10333333","-60,01638888",1.0,1003.53,455.09,25.37,84.78,3.44
2022-03-09,"-3,10333333","-60,01638888",15.4,1004.05,332.39,25.09,87.25,2.62
2022-03-10,"-3,10333333","-60,01638888",1.4,1004.78,509.95,25.7,84.0,3.25
2022-03-11,"-3,10333333","-60,01638888",2.4,1004.05,557.52,26.09,82.88,3.42
2022-03-12,"-3,10333333","-60,01638888",0.0,1003.32,992.93,27.78,75.83,3.88
2022-03-13,"-3,10333333","-60,01638888",21.4,1003.83,692.92,27.48,78.13,4.55
2022-03-14,"-3,10333333","-60,01638888",22.2,1005.46,316.91,24.45,88.58,2.54
2022-03-15,"-3,10333333","-60,01638888",0.8,1004.52,595.25,25.96,81.29,2.58
2022-03-16,"-3,10333333","-60,01638888",49.6,1003.9,379.93,26.11,83.5,3.35
2022-03-17,"-3,10333333","-60,01638888",2.4,1004.5,530.36,25.68,83.04,3.56
2022-03-18,"-3,10333333","-60,01638888",2.0,1004.51,608.07,27.18,79.0,2.9
2022-03-19,"-3,10333333","-60,01638888",18.2,1004.71,517.76,26.1,83.3,4.06
2022-03-20,"-3,10333333","-60,01638888",39.0,1004.22,263.94,24.88,87.17,2.87
2022-03-21,"-3,10333333","-60,01638888",0.2,1004.6,468.91,24.82,86.33,2.78
2022-03-22,"-3,10333333","-60,01638888",0.2,1003.78,718.96,26.64,77.67,3.45
2022-03-23,"-3,10333333","-60,01638888",10.4,1003.66,749.57,27.46,76.57,3.96
2022-03-24,"-3,10333333","-60,01638888",0.6,1003.94,565.09,26.27,80.38,3.78
2022-03-25,"-3,10333333","-60,01638888",45.0,1003.3,550.89,26.03,80.91,3.72
2022-03-26,"-3,10333333","-60,01638888",1.2,1002.49,408.43,26.69,82.88,2.58
2022-03-27,"-3,10333333","-60,01638888",1.0,1003.71,491.05,26.81,80.54,3.16
2022-03-28,"-3,10333333","-60,01638888",22.0,1004.94,135.99,24.6,90.25,2.85
2022-03-29,"-3,10333333","-60,01638888",53.2,1005.51,200.19,23.95,92.96,2.77
2022-03-30,"-3,10333333","-60,01638888",32.0,1004.5,264.14,24.39,91.12,2.23
2022-03-31,"-3,10333333","-60,01638888",0.6,1004.57,462.62,26.09,83.62,3.06
2022-04-01,"-3,10333333","-60,01638888",0.0,1004.2,897.68,27.52,75.62,4.31
2022-04-02,"-3,10333333","-60,01638888",72.8,1005.53,245.17,25.26,89.29,3.8
2022-04-03,"-3,10333333","-60,01638888",1.6,1005.33,634.57,25.85,82.38,2.96
2022-04-04,"-3,10333333","-60,01638888",0.0,1004.77,527.42,26.8,76.67,2.83
2022-04-05,"-3,10333333","-60,01638888",2.6,1004.42,500.07,26.78,81.21,3.21
2022-04-06,"-3,10333333","-60,01638888",9.8,1004.81,219.62,25.02,89.12,2.28
2022-04-07,"-3,10333333","-60,01638888",0.0,1003.85,550.44,26.81,79.96,2.98
2022-04-08,"-3,10333333","-60,01638888",35.2,1004.28,211.72,25.39,88.46,3.21
2022-04-09,"-3,10333333","-60,01638888",23.6,1005.33,524.13,25.35,83.96,4.13
2022-04-10,"-3,10333333","-60,01638888",17.6,1004.09,265.29,24.83,85.96,3.07
2022-04-11,"-3,10333333","-60,01638888",1.2,1003.55,504.33,26.47,82.79,2.13
2022-04-12,"-3,10333333","-60,01638888",5.6,1003.85,231.75,25.65,87.79,3.63
2022-04-13,"-3,10333333","-60,01638888",0.0,1002.93,836.3,27.5,75.96,3.92
2022-04-14,"-3,10333333","-60,01638888",18.6,1003.0,340.37,27.19,81.12,3.18
2022-04-15,"-3,10333333","-60,01638888",87.2,1004.25,552.66,25.8,85.42,3.7
2022-04-16,"-3,10333333","-60,01638888",25.4,1004.55,445.58,25.49,86.12,2.67
2022-04-17,"-3,10333333","-60,01638888",42.8,1004.74,291.73,25.42,86.46,2.78
2022-04-18,"-3,10333333","-60,01638888",0.0,1004.32,667.67,27.07,78.58,3.05
2022-04-19,"-3,10333333","-60,01638888",26.4,1004.48,171.0,25.24,86.96,2.82
2022-04-20,"-3,10333333","-60,01638888",7.8,1004.96,255.11,25.2,88.29,2.2
2022-04-21,"-3,10333333","-60,01638888",0.4,1005.57,476.74,25.96,83.25,3.38
2022-04-22,"-3,10333333","-60,01638888",1.6,1004.48,318.58,25.74,85.17,2.58
2022-04-23,"-3,10333333","-60,01638888",0.0,1003.07,747.67,27.44,77.17,3.52
2022-04-24,"-3,10333333","-60,01638888",0.0,1003.71,839.21,27.66,72.33,4.28
2022-04-25,"-3,10333333","-60,01638888",0.0,1003.09,872.55,28.73,70.58,3.93
2022-04-26,"-3,10333333","-60,01638888",0.0,1002.91,779.71,28.85,70.0,4.32
2022-04-27,"-3,10333333","-60,01638888",0.0,1003.95,555.64,26.77,80.17,3.68
2022-04-28,"-3,10333333","-60,01638888",0.0,1003.6,852.22,27.76,74.08,4.05
2022-04-29,"-3,10333333","-60,01638888",52.8,1004.49,184.17,26.14,83.75,3.36
2022-04-30,"-3,10333333","-60,01638888",7.4,1004.86,780.48,26.45,82.46,3.5
2022-05-01,"-3,10333333","-60,01638888",1.4,1004.74,470.47,26.61,81.29,2.7
2022-05-02,"-3,10333333","-60,01638888",5.8,1006.13,361.89,25.46,85.08,3.26
2022-05-03,"-3,10333333","-60,01638888",0.0,1005.68,546.2,27.42,78.54,2.49
2022-05-04,"-3,10333333","-60,01638888",23.4,1006.53,226.03,25.28,84.75,3.17
2022-05-05,"-3,10333333","-60,01638888",0.0,1005.63,752.31,27.01,77.58,3.08
2022-05-06,"-3,10333333","-60,01638888",4.2,1005.72,537.31,27.88,76.46,3.54
2022-05-07,"-3,10333333","-60,01638888",39.4,1006.9,409.82,25.84,84.42,3.5
2022-05-08,"-3,10333333","-60,01638888",8.2,1006.62,432.97,26.18,82.83,3.14
2022-05-09,"-3,10333333","-60,01638888",0.0,1006.52,525.59,26.25,80.17,3.69
2022-05-10,"-3,10333333","-60,01638888",0.0,1004.94,915.12,28.54,70.43,3.6
2022-05-11,"-3,10333333","-60,01638888",2.2,1004.58,743.51,28.44,69.79,4.58
2022-05-12,"-3,10333333","-60,01638888",0.0,1003.78,779.74,29.15,67.62,4.44
2022-05-13,"-3,10333333","-60,01638888",0.0,1004.28,482.98,27.74,75.54,3.39
2022-05-14,"-3,10333333","-60,01638888",4.4,1003.69,881.93,28.26,73.58,3.75
2022-05-15,"-3,10333333","-60,01638888",1.2,1004.42,472.27,27.01,83.08,3.24
2022-05-16,"-3,10333333","-60,01638888",4.6,1005.4,218.56,26.27,87.17,2.36
2022-05-17,"-3,10333333","-60,01638888",15.2,1006.49,399.07,26.32,85.67,4.05
2022-05-18,"-3,10333333","-60,01638888",3.0,1007.73,330.38,25.73,82.17,4.42
2022-05-19,"-3,10333333","-60,01638888",0.0,1008.59,479.82,25.3,67.83,4.43
2022-05-20,"-3,10333333","-60,01638888",0.6,1009.42,613.29,25.32,69.71,2.98
2022-05-21,"-3,10333333","-60,01638888",0.0,1009.13,529.67,26.66,68.57,2.53
2022-05-22,"-3,10333333","-60,01638888",0.0,1009.06,541.83,27.12,73.33,2.68
2022-05-23,"-3,10333333","-60,01638888",0.0,1007.38,547.57,27.11,73.25,3.01
2022-05-24,"-3,10333333","-60,01638888",0.0,1005.71,848.89,28.09,69.83,4.6
2022-05-25,"-3,10333333","-60,01638888",0.0,1005.94,882.71,28.98,65.21,5.49
2022-05-26,"-3,10333333","-60,01638888",0.0,1005.83,900.27,29.24,64.25,4.98
2022-05-27,"-3,10333333","-60,01638888",0.0,1005.62,770.51,29.47,62.75,4.57
2022-05-28,"-3,10333333","-60,01638888",0.0,1004.8,658.65,28.7,68.12,3.9
2022-05-29,"-3,10333333","-60,01638888",5.2,1004.35,353.2,26.94,78.96,3.05
2022-05-30,"-3,10333333","-60,01638888",1.4,1003.94,601.35,27.24,78.25,2.86
2022-05-31,"-3,10333333","-60,01638888",5.2,1003.76,416.79,26.73,79.17,4.58
2022-06-01,"-3,10333333","-60,01638888",4.8,1004.69,298.86,25.08,83.88,3.55
2022-06-02,"-3,10333333","-60,01638888",0.0,1005.02,500.92,26.38,79.21,3.3
2022-06-03,"-3,10333333","-60,01638888",0.0,1005.16,708.79,27.45,73.29,3.58
2022-06-04,"-3,10333333","-60,01638888",43.4,1005.58,282.8,25.61,86.25,3.42
2022-06-05,"-3,10333333","-60,01638888",7.8,1006.15,261.3,24.59,88.25,3.57
2022-06-06,"-3,10333333","-60,01638888",4.8,1006.29,501.98,24.78,84.25,3.08
2022-06-07,"-3,10333333","-60,01638888",0.0,1005.02,661.22,25.93,77.54,3.2
2022-06-08,"-3,10333333","-60,01638888",0.0,1004.85,429.12,26.6,75.96,3.55
2022-06-09,"-3,10333333","-60,01638888",0.0,1004.8,768.57,27.22,75.04,3.6
2022-06-10,"-3,10333333","-60,01638888",1.4,1004.94,776.6,27.81,71.5,4.31
2022-06-11,"-3,10333333","-60,01638888",34.0,1006.42,127.78,24.84,83.62,4.53
2022-06-12,"-3,10333333","-60,01638888",0.0,1007.39,389.1,25.42,78.54,3.93
2022-06-13,"-3,10333333","-60,01638888",17.0,1008.4,455.22,24.87,81.17,5.5
2022-06-14,"-3,10333333","-60,01638888",0.0,1006.91,518.95,25.83,79.17,3.07
2022-06-15,"-3,10333333","-60,01638888",10.6,1006.47,667.48,26.44,76.58,4.16
2022-06-16,"-3,10333333","-60,01638888",0.0,1006.65,780.18,26.98,74.83,3.18
2022-06-17,"-3,10333333","-60,01638888",0.0,1005.36,892.39,27.95,65.25,3.15
2022-06-18,"-3,10333333","-60,01638888",0.0,1005.28,752.12,28.15,65.17,3.13
2022-06-19,"-3,10333333","-60,01638888",0.2,1005.31,574.1,27.75,70.79,3.78
2022-06-20,"-3,10333333","-60,01638888",6.0,1005.85,477.79,26.51,79.29,3.37
2022-06-21,"-3,10333333","-60,01638888",15.2,1005.81,356.03,26.08,81.38,3.4
2022-06-22,"-3,10333333","-60,01638888",0.0,1005.53,593.7,26.34,79.33,3.09
2022-06-23,"-3,10333333","-60,01638888",0.0,1004.74,623.12,27.57,71.75,3.48
2022-06-24,"-3,10333333","-60,01638888",1.2,1004.84,833.22,27.97,71.83,4.66
2022-06-25,"-3,10333333","-60,01638888",0.0,1005.3,756.8,28.37,67.54,3.49
2022-06-26,"-3,10333333","-60,01638888",1.2,1005.57,455.09,27.25,75.39,2.11
2022-06-27,"-3,10333333","-60,01638888",0.0,1005.32,821.08,27.73,75.04,3.16
2022-06-28,"-3,10333333","-60,01638888",0.2,1006.78,533.52,26.88,73.88,3.82
2022-06-29,"-3,10333333","-60,01638888",0.0,1007.1,719.0,28.4,67.83,3.29
2022-06-30,"-3,10333333","-60,01638888",0.0,1005.78,673.17,29.0,62.61,3.52
2022-07-01,"-3,10333333","-60,01638888",0.0,1005.01,843.93,28.66,64.0,4.07
2022-07-02,"-3,10333333","-60,01638888",0.4,1005.62,778.83,28.5,68.83,4.61
2022-07-03,"-3,10333333","-60,01638888",3.2,1006.59,513.72,27.61,72.21,5.12
2022-07-04,"-3,10333333","-60,01638888",0.0,1006.87,486.96,26.6,76.75,4.6
2022-07-05,"-3,10333333","-60,01638888",0.0,1006.35,808.78,28.18,69.42,3.88
2022-07-06,"-3,10333333","-60,01638888",0.0,1005.72,705.48,28.57,67.92,3.41
2022-07-07,"-3,10333333","-60,01638888",0.0,1005.03,760.8,28.52,66.79,4.33
2022-07-08,"-3,10333333","-60,01638888",0.0,1006.54,837.47,28.64,66.04,5.5
2022-07-09,"-3,10333333","-60,01638888",0.4,1006.9,587.14,27.76,71.25,5.2
2022-07-10,"-3,10333333","-60,01638888",0.0,1006.03,623.82,28.05,71.67,3.23
2022-07-11,"-3,10333333","-60,01638888",0.0,1004.42,682.36,28.83,65.42,3.09
2022-07-12,"-3,10333333","-60,01638888",0.0,1005.22,837.74,29.45,62.21,3.82
2022-07-13,"-3,10333333","-60,01638888",0.0,1005.37,740.66,29.96,59.33,3.7
2022-07-14,"-3,10333333","-60,01638888",0.0,1005.38,519.45,28.23,67.5,3.91
2022-07-15,"-3,10333333","-60,01638888",0.0,1005.14,764.7,28.62,66.04,4.26
2022-07-16,"-3,10333333","-60,01638888",0.0,1004.83,714.42,29.38,63.88,3.6
2022-07-17,"-3,10333333","-60,01638888",0.0,1005.28,844.17,29.92,61.08,4.52
2022-07-18,"-3,10333333","-60,01638888",0.0,1005.44,864.3,30.51,57.79,4.82
2022-07-19,"-3,10333333","-60,01638888",0.0,1005.6,744.92,30.56,58.75,4.97
2022-07-20,"-3,10333333","-60,01638888",0.0,1005.44,444.78,28.32,68.75,4.6
2022-07-21,"-3,10333333","-60,01638888",13.2,1005.21,329.97,26.39,78.92,3.19
2022-07-22,"-3,10333333","-60,01638888",0.0,1004.53,564.39,26.92,77.21,3.02
2022-07-23,"-3,10333333","-60,01638888",0.0,1004.34,584.03,27.66,70.21,3.2
2022-07-24,"-3,10333333","-60,01638888",0.0,1004.25,865.87,29.41,62.75,3.7
2022-07-25,"-3,10333333","-60,01638888",0.0,1005.0,686.99,29.68,61.25,3.04
2022-07-26,"-3,10333333","-60,01638888",0.0,1005.07,904.12,30.27,59.22,3.5
2022-07-27,"-3,10333333","-60,01638888",0.0,1005.54,787.51,29.59,61.6,3.68
2022-07-28,"-3,10333333","-60,01638888",0.0,1005.03,700.02,29.1,61.24,3.21
2022-07-29,"-3,10333333","-60,01638888",0.8,1005.62,329.89,28.18,67.5,3.08
2022-07-30,"-3,10333333","-60,01638888",8.4,1006.59,438.62,26.35,76.23,3.85
2022-07-31,"-3,10333333","-60,01638888",0.0,1006.16,402.26,27.63,72.74,3.47
2022-08-01,"-3,10333333","-60,01638888",0.0,1005.14,636.72,28.48,67.58,4.21
2022-08-02,"-3,10333333","-60,01638888",0.4,1004.47,601.82,27.99,68.54,3.58
2022-08-03,"-3,10333333","-60,01638888",0.0,1003.96,804.94,29.09,62.92,5.14
2022-08-04,"-3,10333333","-60,01638888",0.0,1003.81,788.91,29.08,64.12,4.5
2022-08-05,"-3,10333333","-60,01638888",0.0,1003.43,830.85,30.01,57.46,4.85
2022-08-06,"-3,10333333","-60,01638888",0.0,1003.49,907.23,30.22,57.12,4.71
2022-08-07,"-3,10333333","-60,01638888",0.0,1003.92,800.95,30.55,55.33,4.65
2022-08-08,"-3,10333333","-60,01638888",0.0,1004.05,952.12,30.57,53.96,4.55
2022-08-09,"-3,10333333","-60,01638888",0.0,1005.1,891.95,30.83,55.04,4.55
2022-08-10,"-3,10333333","-60,01638888",0.0,1006.72,906.07,29.95,57.0,4.89
2022-08-11,"-3,10333333","-60,01638888",0.0,1006.4,686.38,29.05,62.5,4.65
2022-08-12,"-3,10333333","-60,01638888",0.0,1006.75,735.31,29.45,62.83,4.38
2022-08-13,"-3,10333333","-60,01638888",0.2,1006.93,575.25,28.33,66.83,3.38
2022-08-14,"-3,10333333","-60,01638888",0.0,1006.66,504.25,27.84,67.0,3.74
2022-08-15,"-3,10333333","-60,01638888",9.8,1005.52,741.26,27.37,69.42,4.1
2022-08-16,"-3,10333333","-60,01638888",0.0,1004.38,731.06,28.65,66.29,3.54
2022-08-17,"-3,10333333","-60,01638888",0.0,1004.05,725.33,29.64,60.83,3.1
2022-08-18,"-3,10333333","-60,01638888",0.0,1003.75,857.85,30.51,58.79,3.88
2022-08-19,"-3,10333333","-60,01638888",0.0,1004.77,714.7,30.67,60.38,4.9
2022-08-20,"-3,10333333","-60,01638888",4.2,1005.81,452.55,27.46,71.83,5.05
2022-08-21,"-3,10333333","-60,01638888",0.0,1007.39,615.63,26.82,65.04,5.68
2022-08-22,"-3,10333333","-60,01638888",0.0,1006.71,721.55,28.0,65.62,3.77
2022-08-23,"-3,10333333","-60,01638888",0.0,1006.09,690.45,28.7,63.92,3.81
2022-08-24,"-3,10333333","-60,01638888",0.6,1006.74,665.67,28.84,64.88,3.44
2022-08-25,"-3,10333333","-60,01638888",13.2,1006.81,530.05,27.72,72.79,3.51
2022-08-26,"-3,10333333","-60,01638888",0.0,1006.21,802.82,28.49,68.42,4.0
2022-08-27,"-3,10333333","-60,01638888",0.0,1004.91,740.09,28.87,63.79,3.84
2022-08-28,"-3,10333333","-60,01638888",4.0,1005.62,404.34,27.33,73.12,3.61
2022-08-29,"-3,10333333","-60,01638888",3.8,1005.7,732.03,27.53,73.25,3.15
2022-08-30,"-3,10333333","-60,01638888",0.0,1005.41,729.85,29.04,62.83,2.74
2022-08-31,"-3,10333333","-60,01638888",0.0,1005.61,806.61,29.67,65.88,3.8
2022-09-01,"-3,10333333","-60,01638888",0.0,1003.87,402.97,28.11,68.96,2.95
2022-09-02,"-3,10333333","-60,01638888",0.0,1003.9,676.69,28.58,68.42,3.02
2022-09-03,"-3,10333333","-60,01638888",0.0,1004.64,729.4,30.3,61.71,3.9
2022-09-04,"-3,10333333","-60,01638888",0.0,1004.32,595.29,30.18,60.08,4.06
2022-09-05,"-3,10333333","-60,01638888",0.0,1005.27,608.65,29.93,62.71,3.03
2022-09-06,"-3,10333333","-60,01638888",0.8,1006.93,681.33,28.44,69.58,3.74
2022-09-07,"-3,10333333","-60,01638888",0.0,1006.55,735.38,27.86,67.71,3.4
2022-09-08,"-3,10333333","-60,01638888",0.2,1004.67,443.75,27.46,71.54,3.24
2022-09-09,"-3,10333333","-60,01638888",0.0,1004.8,876.77,28.32,68.21,3.87
2022-09-10,"-3,10333333","-60,01638888",0.0,1005.96,848.18,29.32,61.08,4.13
2022-09-11,"-3,10333333","-60,01638888",0.0,1005.42,722.03,31.26,54.96,3.1
2022-09-12,"-3,10333333","-60,01638888",3.6,1003.78,597.63,29.43,60.25,3.49
2022-09-13,"-3,10333333","-60,01638888",3.6,1004.6,624.8,27.36,69.71,4.02
2022-09-14,"-3,10333333","-60,01638888",0.0,1004.44,783.3,29.14,65.25,3.98
2022-09-15,"-3,10333333","-60,01638888",0.0,1004.52,887.42,30.7,59.21,4.65
2022-09-16,"-3,10333333","-60,01638888",0.0,1004.65,564.35,29.9,63.25,3.44
2022-09-17,"-3,10333333","-60,01638888",0.0,1003.6,578.64,29.7,66.46,3.38
2022-09-18,"-3,10333333","-60,01638888",1.4,1004.05,436.35,27.07,75.75,3.88
2022-09-19,"-3,10333333","-60,01638888",0.0,1003.73,636.36,28.06,70.71,3.24
2022-09-20,"-3,10333333","-60,01638888",0.0,1002.76,769.1,30.77,59.33,3.77
2022-09-21,"-3,10333333","-60,01638888",0.0,1002.76,866.34,30.1,55.58,4.12
2022-09-22,"-3,10333333","-60,01638888",0.0,1003.21,706.76,30.38,58.08,4.26
2022-09-23,"-3,10333333","-60,01638888",0.0,1004.26,668.08,30.12,62.46,3.92
2022-09-24,"-3,10333333","-60,01638888",0.0,1003.54,797.26,31.35,56.71,3.55
2022-09-25,"-3,10333333","-60,01638888",0.0,1002.81,849.2,31.95,49.67,3.33
2022-09-26,"-3,10333333","-60,01638888",0.0,1003.71,910.13,30.35,55.43,5.67
2022-09-27,"-3,10333333","-60,01638888",0.0,1004.23,884.24,31.0,56.92,4.72
2022-09-28,"-3,10333333","-60,01638888",0.0,1002.92,850.62,32.13,49.5,4.78
2022-09-29,"-3,10333333","-60,01638888",0.0,1002.23,907.38,32.41,47.46,4.37
2022-09-30,"-3,10333333","-60,01638888",0.0,1002.95,934.0,31.34,53.79,4.95
2022-10-01,"-3,10333333","-60,01638888",9.0,1004.21,756.24,29.02,64.5,4.86
2022-10-02,"-3,10333333","-60,01638888",0.0,1006.68,946.9,28.56,65.38,5.25
2022-10-03,"-3,10333333","-60,01638888",28.6,1006.82,119.88,25.82,81.83,3.77
2022-10-04,"-3,10333333","-60,01638888",0.0,1004.7,873.17,27.22,72.54,3.0
2022-10-05,"-3,10333333","-60,01638888",0.0,1002.53,968.96,30.17,57.25,4.47
2022-10-06,"-3,10333333","-60,01638888",0.0,1002.23,923.42,31.65,50.29,4.77
2022-10-07,"-3,10333333","-60,01638888",0.0,1002.67,935.65,31.95,46.79,4.87
2022-10-08,"-3,10333333","-60,01638888",0.0,1002.2,955.64,31.57,50.29,5.95
2022-10-09,"-3,10333333","-60,01638888",0.0,1002.39,931.97,32.07,45.88,4.24
2022-10-10,"-3,10333333","-60,01638888",0.0,1004.27,591.86,29.49,58.42,4.32
2022-10-11,"-3,10333333","-60,01638888",0.0,1005.73,594.25,27.93,68.12,4.7
2022-10-12,"-3,10333333","-60,01638888",0.4,1004.17,645.97,29.05,66.92,3.49
2022-10-13,"-3,10333333","-60,01638888",0.0,1003.85,738.43,28.34,68.58,4.62
2022-10-14,"-3,10333333","-60,01638888",0.0,1004.93,788.05,27.29,72.67,4.35
2022-10-15,"-3,10333333","-60,01638888",34.2,1004.9,325.28,26.89,77.42,3.83
2022-10-16,"-3,10333333","-60,01638888",0.0,1003.92,645.4,26.75,74.79,3.04
2022-10-17,"-3,10333333","-60,01638888",36.6,1003.8,313.04,26.55,80.79,3.72
2022-10-18,"-3,10333333","-60,01638888",1.2,1004.16,735.98,27.45,76.08,3.08
2022-10-19,"-3,10333333","-60,01638888",0.2,1004.38,772.81,28.25,72.5,4.05
2022-10-20,"-3,10333333","-60,01638888",1.8,1003.72,780.59,28.15,71.46,4.52
2022-10-21,"-3,10333333","-60,01638888",0.0,1002.45,715.59,29.6,64.58,3.94
2022-10-22,"-3,10333333","-60,01638888",8.2,1003.51,205.84,26.96,80.0,3.18
2022-10-23,"-3,10333333","-60,01638888",0.0,1003.58,830.6,28.27,73.42,4.6
2022-10-24,"-3,10333333","-60,01638888",1.2,1003.65,586.64,29.32,70.35,3.12
2022-10-25,"-3,10333333","-60,01638888",36.4,1003.87,330.96,26.63,80.5,3.5
2022-10-26,"-3,10333333","-60,01638888",0.0,1002.83,789.76,28.21,72.79,3.6
2022-10-27,"-3,10333333","-60,01638888",0.0,1001.66,894.64,29.74,64.71,4.88
2022-10-28,"-3,10333333","-60,01638888",0.0,1001.47,718.81,30.71,60.21,5.06
2022-10-29,"-3,10333333","-60,01638888",0.0,1002.72,776.68,28.29,71.42,4.6
2022-10-30,"-3,10333333","-60,01638888",0.0,1001.45,630.31,29.26,68.46,2.65
2022-10-31,"-3,10333333","-60,01638888",0.0,1001.75,591.28,30.26,66.71,3.09
2022-11-01,"-3,10333333","-60,01638888",0.0,1004.07,406.97,28.58,71.54,4.61
2022-11-02,"-3,10333333","-60,01638888",2.0,1007.71,380.78,25.3,76.58,5.99
2022-11-03,"-3,10333333","-60,01638888",0.0,1007.95,587.96,25.6,68.08,5.17
2022-11-04,"-3,10333333","-60,01638888",0.0,1006.45,429.58,26.83,68.71,4.14
2022-11-05,"-3,10333333","-60,01638888",0.0,1004.98,803.98,28.39,63.92,3.18
2022-11-06,"-3,10333333","-60,01638888",2.4,1004.39,901.89,29.72,60.62,3.48
2022-11-07,"-3,10333333","-60,01638888",0.0,1005.37,367.66,26.79,75.7,4.27
2022-11-08,"-3,10333333","-60,01638888",0.0,1005.21,758.43,28.53,69.58,4.02
2022-11-09,"-3,10333333","-60,01638888",0.0,1004.25,763.15,29.75,60.62,4.51
2022-11-10,"-3,10333333","-60,01638888",0.0,1003.63,852.5,30.03,59.83,4.27
2022-11-11,"-3,10333333","-60,01638888",0.0,1003.27,823.58,30.28,59.42,4.92
2022-11-12,"-3,10333333","-60,01638888",12.8,1002.86,518.09,28.96,72.0,3.34
2022-11-13,"-3,10333333","-60,01638888",15.4,1002.02,779.41,28.75,72.17,4.02
2022-11-14,"-3,10333333","-60,01638888",0.0,1002.5,842.15,29.68,66.38,4.52
2022-11-15,"-3,10333333","-60,01638888",1.2,1003.34,622.23,29.33,68.38,4.95
2022-11-16,"-3,10333333","-60,01638888",0.2,1004.56,532.48,27.32,76.67,3.81
2022-11-17,"-3,10333333","-60,01638888",0.6,1003.29,565.03,29.37,69.29,3.81
2022-11-18,"-3,10333333","-60,01638888",0.0,1003.5,459.53,28.03,75.35,4.01
2022-11-19,"-3,10333333","-60,01638888",0.0,1003.56,676.55,27.86,72.21,3.75
2022-11-20,"-3,10333333","-60,01638888",0.0,1001.96,814.95,29.72,62.04,3.97
2022-11-21,"-3,10333333","-60,01638888",0.0,1000.8,795.77,30.44,57.33,4.93
2022-11-22,"-3,10333333","-60,01638888",0.0,1001.26,557.99,29.44,61.17,5.5
2022-11-23,"-3,10333333","-60,01638888",2.2,1002.26,1224.5,27.76,71.11,4.83
2022-11-24,"-3,10333333","-60,01638888",16.6,1003.72,445.69,26.07,77.74,3.14
2022-11-25,"-3,10333333","-60,01638888",13.8,1003.8,659.91,28.0,73.29,3.78
2022-11-26,"-3,10333333","-60,01638888",16.4,1004.64,250.48,26.04,81.0,3.59
2022-11-27,"-3,10333333","-60,01638888",0.0,1004.23,810.39,27.54,74.12,3.27
2022-11-28,"-3,10333333","-60,01638888",12.2,1002.23,885.13,27.66,72.7,4.54
2022-11-29,"-3,10333333","-60,01638888",0.0,1000.9,539.35,27.31,76.12,3.25
2022-11-30,"-3,10333333","-60,01638888",0.0,999.22,620.93,29.5,68.33,3.37
2022-12-01,"-3,10333333","-60,01638888",107.8,999.41,650.52,27.78,77.29,5.2
2022-12-02,"-3,10333333","-60,01638888",2.0,1001.17,305.53,26.31,80.88,4.7
2022-12-03,"-3,10333333","-60,01638888",0.2,1002.03,781.21,26.95,78.92,3.73
2022-12-04,"-3,10333333","-60,01638888",0.0,1000.88,912.67,29.34,70.38,2.95
2022-12-05,"-3,10333333","-60,01638888",1.2,1002.03,426.35,25.82,79.17,4.34
2022-12-06,"-3,10333333","-60,01638888",0.0,1003.03,687.68,28.2,73.96,4.35
2022-12-07,"-3,10333333","-60,01638888",0.0,1003.57,891.81,29.05,73.21,3.92
2022-12-08,"-3,10333333","-60,01638888",3.8,1002.61,681.62,29.21,73.58,3.53
2022-12-09,"-3,10333333","-60,01638888",2.6,1003.01,633.62,28.09,77.88,3.61
2022-12-10,"-3,10333333","-60,01638888",0.0,1003.06,785.5,29.61,69.55,3.47
2022-12-11,"-3,10333333","-60,01638888",0.0,1004.0,667.6,29.09,69.91,3.73
2022-12-12,"-3,10333333","-60,01638888",0.0,1003.16,698.45,28.41,77.78,3.65
2022-12-13,"-3,10333333","-60,01638888",67.6,1003.73,504.54,26.35,83.96,3.35
2022-12-14,"-3,10333333","-60,01638888",0.0,1003.78,660.57,26.82,80.5,2.48
2022-12-15,"-3,10333333","-60,01638888",0.2,1003.07,610.12,28.34,75.87,3.03
2022-12-16,"-3,10333333","-60,01638888",23.8,1001.91,704.09,27.82,80.22,3.4
2022-12-17,"-3,10333333","-60,01638888",17.0,1001.7,373.57,25.86,87.22,3.23
2022-12-18,"-3,10333333","-60,01638888",0.4,1002.36,897.94,27.45,78.58,4.3
2022-12-19,"-3,10333333","-60,01638888",6.0,1004.18,658.98,26.76,79.96,4.26
2022-12-20,"-3,10333333","-60,01638888",1.6,1004.53,692.92,27.02,75.52,4.12
2022-12-21,"-3,10333333","-60,01638888",48.4,1004.84,244.6,25.6,88.08,3.05
2022-12-22,"-3,10333333","-60,01638888",21.4,1005.05,487.02,25.08,87.54,2.88
2022-12-23,"-3,10333333","-60,01638888",1.4,1004.47,837.06,27.45,75.96,4.63
2022-12-24,"-3,10333333","-60,01638888",0.0,1003.14,786.58,28.74,66.0,4.93
2022-12-25,"-3,10333333","-60,01638888",0.0,1002.63,755.57,28.74,65.46,4.03
2022-12-26,"-3,10333333","-60,01638888",38.6,1003.54,459.71,27.58,76.46,3.24
2022-12-27,"-3,10333333","-60,01638888",19.6,1005.2,292.5,25.22,87.71,3.5
2022-12-28,"-3,10333333","-60,01638888",3.4,1006.23,456.33,25.48,84.79,2.82
2022-12-29,"-3,10333333","-60,01638888",3.0,1006.41,380.01,25.76,82.62,4.82
2022-12-30,"-3,10333333","-60,01638888",1.2,1005.04,618.26,27.04,78.96,3.67
2022-12-31,"-3,10333333","-60,01638888",6.8,1004.93,446.65,26.42,82.79,3.94
2022-01-13,",03499999","-51,08888888",0.0,1011.1,1177.5,29.9,67.0,4.64
2022-04-01,",03499999","-51,08888888",0.0,1009.61,1691.03,28.7,69.36,4.66
2022-04-02,",03499999","-51,08888888",3.4,1009.54,1672.18,26.9,82.62,4.6
2022-04-03,",03499999","-51,08888888",12.2,1009.12,872.88,25.67,91.08,3.29
2022-04-04,",03499999","-51,08888888",57.8,1009.6,1320.71,25.82,86.5,3.8
2022-04-05,",03499999","-51,08888888",1.8,1009.75,1100.68,25.87,85.71,3.83
2022-04-06,",03499999","-51,08888888",0.0,1009.07,1126.72,26.05,85.21,3.55
2022-04-07,",03499999","-51,08888888",1.4,1009.28,1231.24,26.25,85.12,3.9
2022-04-08,",03499999","-51,08888888",58.0,1009.88,832.96,25.7,89.71,4.78
2022-04-09,",03499999","-51,08888888",8.2,1009.81,1374.88,26.18,86.29,4.18
2022-04-10,",03499999","-51,08888888",61.0,1009.15,812.88,25.37,90.67,4.57
2022-04-11,",03499999","-51,08888888",3.6,1008.18,1769.37,27.05,83.25,4.36
2022-04-12,",03499999","-51,08888888",22.0,1009.09,1202.41,26.18,85.21,4.38
2022-04-13,",03499999","-51,08888888",4.4,1008.9,927.86,25.56,88.04,4.75
2022-04-14,",03499999","-51,08888888",1.8,1008.12,1598.15,26.78,82.92,4.41
2022-04-15,",03499999","-51,08888888",1.0,1008.7,1353.11,27.07,81.21,5.83
2022-04-16,",03499999","-51,08888888",0.0,1008.9,1421.25,27.27,80.09,4.51
2022-04-17,",03499999","-51,08888888",27.2,1009.22,751.18,26.04,88.12,4.01
2022-04-18,",03499999","-51,08888888",4.2,1009.46,905.86,25.76,88.12,3.18
2022-04-19,",03499999","-51,08888888",0.0,1008.9,1851.58,27.13,81.88,4.1
2022-04-20,",03499999","-51,08888888",4.2,1008.92,567.45,25.66,90.42,3.85
2022-04-21,",03499999","-51,08888888",69.8,1008.88,1174.72,26.14,87.67,3.3
2022-04-22,",03499999","-51,08888888",36.8,1009.09,1425.38,25.9,86.04,3.88
2022-04-23,",03499999","-51,08888888",5.0,1009.15,1651.15,26.06,84.83,4.19
2022-04-24,",03499999","-51,08888888",1.2,1009.54,1767.4,27.34,79.46,3.45
2022-04-25,",03499999","-51,08888888",0.0,1008.45,1678.71,27.88,77.62,5.03
2022-04-26,",03499999","-51,08888888",0.4,1008.05,1759.94,27.97,79.0,5.21
2022-04-27,",03499999","-51,08888888",15.6,1008.7,1587.18,26.48,85.29,4.77
2022-04-28,",03499999","-51,08888888",11.0,1009.37,1126.38,26.58,84.0,3.52
2022-04-29,",03499999","-51,08888888",3.4,1009.79,627.03,25.33,90.52,3.91
2022-04-30,",03499999","-51,08888888",1.2,1009.82,1175.15,26.55,84.46,3.4
2022-05-01,",03499999","-51,08888888",12.0,1009.62,1051.17,26.15,86.42,4.6
2022-05-02,",03499999","-51,08888888",11.8,1010.55,952.65,26.03,84.0,3.0
2022-05-03,",03499999","-51,08888888",1.8,1010.39,911.59,26.28,86.58,3.75
2022-05-04,",03499999","-51,08888888",2.6,1010.72,930.83,26.13,86.5,3.1
2022-05-05,",03499999","-51,08888888",0.0,1010.28,1904.22,27.82,78.88,4.02
2022-05-06,",03499999","-51,08888888",10.6,1010.58,1677.87,27.48,81.29,4.77
2022-05-07,",03499999","-51,08888888",0.2,1010.94,1618.49,26.69,83.08,4.5
2022-05-08,",03499999","-51,08888888",20.8,1010.89,1154.51,26.46,86.79,3.84
2022-05-09,",03499999","-51,08888888",1.8,1011.03,866.71,25.75,88.67,3.11
2022-05-10,",03499999","-51,08888888",17.6,1011.5,350.98,24.61,93.96,3.32
2022-05-11,",03499999","-51,08888888",0.2,1010.05,1554.68,26.21,81.92,3.38
2022-05-12,",03499999","-51,08888888",9.2,1009.88,943.33,25.79,87.62,4.95
2022-05-13,",03499999","-51,08888888",0.6,1009.78,1658.32,27.13,81.17,3.82
2022-05-14,",03499999","-51,08888888",6.8,1008.98,1268.38,26.9,86.58,4.13
2022-05-15,",03499999","-51,08888888",27.6,1009.68,546.49,25.88,90.0,4.33
2022-05-16,",03499999","-51,08888888",0.4,1009.54,1581.69,27.37,83.46,4.3
2022-05-17,",03499999","-51,08888888",5.0,1010.1,1097.45,27.59,82.92,4.43
2022-05-18,",03499999","-51,08888888",5.2,1010.87,576.29,25.8,88.33,4.2
2022-05-19,",03499999","-51,08888888",0.4,1010.97,903.09,25.67,87.33,3.12
2022-05-20,",03499999","-51,08888888",27.4,1012.96,883.42,25.67,86.83,3.32
2022-05-21,",03499999","-51,08888888",8.4,1013.69,1198.03,25.79,85.71,3.18
2022-05-22,",03499999","-51,08888888",11.4,1013.68,1174.92,25.5,87.71,2.98
2022-05-23,",03499999","-51,08888888",0.0,1012.84,1327.1,26.28,83.88,3.97
2022-05-24,",03499999","-51,08888888",0.0,1011.56,1852.55,27.34,74.75,6.35
2022-05-25,",03499999","-51,08888888",9.2,1011.47,1450.72,27.17,80.88,5.25
2022-05-26,",03499999","-51,08888888",54.2,1011.7,751.09,25.45,91.71,3.9
2022-05-27,",03499999","-51,08888888",1.8,1011.52,1537.1,26.18,84.25,4.13
2022-05-28,",03499999","-51,08888888",4.4,1010.4,1396.85,26.45,84.12,4.52
2022-05-29,",03499999","-51,08888888",1.8,1009.65,891.62,25.68,87.08,3.07
2022-05-30,",03499999","-51,08888888",8.0,1008.47,1173.46,26.2,85.92,3.42
2022-05-31,",03499999","-51,08888888",43.2,1008.15,1288.31,26.33,85.54,4.05
2022-06-01,",03499999","-51,08888888",3.2,1008.55,1640.34,27.28,81.17,3.89
2022-06-02,",03499999","-51,08888888",0.0,1009.29,1638.69,27.75,77.08,3.49
2022-06-03,",03499999","-51,08888888",0.0,1010.07,1782.52,27.58,78.38,4.35
2022-06-04,",03499999","-51,08888888",0.0,1009.53,1723.84,27.97,75.46,4.58
2022-06-05,",03499999","-51,08888888",32.6,1009.77,1573.74,26.78,80.54,4.5
2022-06-06,",03499999","-51,08888888",0.0,1009.98,1177.23,26.49,83.75,3.42
2022-06-07,",03499999","-51,08888888",11.0,1010.06,1626.99,26.55,81.25,4.21
2022-06-08,",03499999","-51,08888888",0.0,1009.32,1781.16,27.73,75.75,4.71
2022-06-09,",03499999","-51,08888888",5.8,1009.68,1267.82,26.43,84.46,4.25
2022-06-10,",03499999","-51,08888888",14.8,1010.52,909.75,25.53,87.67,3.95
2022-06-11,",03499999","-51,08888888",6.0,1010.26,1745.58,26.72,80.71,4.42
2022-06-12,",03499999","-51,08888888",0.4,1010.81,1262.33,26.88,82.42,3.53
2022-06-13,",03499999","-51,08888888",0.0,1011.59,1743.24,27.55,77.0,3.79
2022-06-14,",03499999","-51,08888888",0.0,1011.08,1714.95,27.69,76.0,5.2
2022-06-15,",03499999","-51,08888888",0.0,1010.85,1704.18,27.56,75.46,4.88
2022-06-16,",03499999","-51,08888888",8.0,1010.87,1496.6,25.98,80.96,3.33
2022-06-17,",03499999","-51,08888888",0.0,1009.71,1559.84,26.79,79.33,3.2
2022-06-18,",03499999","-51,08888888",1.2,1010.69,1281.08,26.52,82.42,4.21
2022-06-19,",03499999","-51,08888888",4.6,1010.56,1263.01,25.89,84.17,3.66
2022-06-20,",03499999","-51,08888888",0.8,1010.73,1526.96,26.11,82.17,4.2
2022-06-21,",03499999","-51,08888888",18.6,1010.24,1381.25,25.72,84.17,3.82
2022-06-22,",03499999","-51,08888888",12.6,1009.93,1389.97,26.04,84.79,3.22
2022-06-23,",03499999","-51,08888888",6.0,1010.0,1334.22,26.47,83.42,3.54
2022-06-24,",03499999","-51,08888888",0.4,1009.96,1546.69,26.27,82.21,3.61
2022-06-25,",03499999","-51,08888888",12.4,1009.85,1461.96,26.96,82.08,3.89
2022-06-26,",03499999","-51,08888888",49.8,1009.94,1082.72,26.15,84.17,3.39
2022-06-27,",03499999","-51,08888888",0.0,1009.55,1532.4,26.82,78.88,4.77
2022-06-28,",03499999","-51,08888888",42.4,1010.6,900.99,26.12,85.58,3.49
2022-06-29,",03499999","-51,08888888",3.6,1012.18,917.23,25.91,87.29,2.82
2022-06-30,",03499999","-51,08888888",43.0,1011.49,1340.61,25.88,82.92,3.95
2022-07-01,",03499999","-51,08888888",1.0,1010.65,1795.19,27.36,78.38,4.52
2022-07-02,",03499999","-51,08888888",2.0,1010.88,1695.25,27.31,80.21,5.03
2022-07-03,",03499999","-51,08888888",23.0,1011.8,794.05,25.95,86.5,6.09
2022-07-04,",03499999","-51,08888888",3.2,1011.86,1484.68,26.67,82.33,3.95
2022-07-05,",03499999","-51,08888888",0.8,1010.8,1592.42,27.02,79.58,3.88
2022-07-06,",03499999","-51,08888888",18.4,1010.71,1303.5,26.57,81.92,4.31
2022-07-07,",03499999","-51,08888888",2.0,1011.02,1558.25,26.6,82.29,4.93
2022-07-08,",03499999","-51,08888888",5.2,1012.41,1044.92,26.22,85.62,5.53
2022-07-09,",03499999","-51,08888888",0.0,1011.94,1589.48,27.08,79.5,3.5
2022-07-10,",03499999","-51,08888888",29.0,1010.35,1376.91,27.2,81.08,3.69
2022-07-11,",03499999","-51,08888888",0.0,1009.63,1389.25,27.63,77.71,3.72
2022-07-12,",03499999","-51,08888888",43.4,1010.53,1169.09,26.61,83.5,4.12
2022-07-13,",03499999","-51,08888888",0.4,1010.77,1432.15,26.59,82.62,3.46
2022-07-14,",03499999","-51,08888888",0.0,1010.6,1337.5,27.03,81.0,4.42
2022-07-15,",03499999","-51,08888888",0.0,1010.19,1731.76,27.38,79.29,4.35
2022-07-16,",03499999","-51,08888888",26.4,1010.24,1441.6,27.6,76.71,4.99
2022-07-17,",03499999","-51,08888888",5.6,1010.91,1462.05,26.72,82.88,4.0
2022-07-18,",03499999","-51,08888888",22.8,1011.47,1171.42,25.89,84.75,4.31
2022-07-19,",03499999","-51,08888888",4.6,1011.82,1472.88,25.87,86.83,4.02
2022-07-20,",03499999","-51,08888888",0.0,1010.22,1376.58,26.91,83.08,3.29
2022-07-21,",03499999","-51,08888888",16.2,1009.92,1011.69,25.86,85.48,3.61
2022-07-22,",03499999","-51,08888888",0.0,1009.35,1743.62,27.59,78.75,3.62
2022-07-23,",03499999","-51,08888888",0.0,1009.06,1754.77,28.34,75.79,4.05
2022-07-24,",03499999","-51,08888888",8.8,1009.3,1514.27,28.18,76.88,4.36
2022-07-25,",03499999","-51,08888888",14.0,1010.03,1178.01,27.03,83.21,4.07
2022-07-26,",03499999","-51,08888888",16.6,1010.81,1372.98,26.0,82.79,4.34
2022-07-27,",03499999","-51,08888888",0.2,1010.51,1467.12,27.0,80.65,4.28
2022-07-28,",03499999","-51,08888888",0.0,1010.12,1377.94,26.82,80.33,4.02
2022-07-29,",03499999","-51,08888888",2.8,1010.6,1673.12,27.23,79.61,3.89
2022-07-30,",03499999","-51,08888888",1.2,1011.48,987.99,26.21,84.52,3.39
2022-07-31,",03499999","-51,08888888",0.0,1011.42,1757.38,26.91,79.65,3.9
2022-08-01,",03499999","-51,08888888",3.2,1010.52,1604.28,27.57,77.91,4.18
2022-08-02,",03499999","-51,08888888",6.8,1009.41,1360.32,27.01,83.17,4.79
2022-08-03,",03499999","-51,08888888",1.4,1009.31,1796.4,27.7,80.04,5.24
2022-08-04,",03499999","-51,08888888",0.0,1009.67,1658.08,27.53,78.65,5.46
2022-08-05,",03499999","-51,08888888",0.6,1009.27,1856.07,27.68,78.62,5.11
2022-08-06,",03499999","-51,08888888",0.0,1009.11,1781.32,27.89,75.21,5.35
2022-08-07,",03499999","-51,08888888",0.0,1009.84,1766.85,27.11,73.67,4.81
2022-08-08,",03499999","-51,08888888",4.4,1009.72,1717.09,27.94,74.75,4.55
2022-08-09,",03499999","-51,08888888",2.0,1010.62,1723.91,28.45,75.79,5.03
2022-08-10,",03499999","-51,08888888",18.0,1011.75,1814.76,27.81,77.58,5.2
2022-08-11,",03499999","-51,08888888",0.2,1011.14,1677.32,27.6,76.67,4.15
2022-08-12,",03499999","-51,08888888",0.0,1011.71,1816.78,28.02,75.83,4.68
2022-08-13,",03499999","-51,08888888",0.0,1012.17,1860.08,28.25,72.54,5.93
2022-08-14,",03499999","-51,08888888",0.0,1011.93,1864.8,28.44,71.12,5.92
2022-08-15,",03499999","-51,08888888",0.8,1010.62,1795.69,27.81,73.96,4.76
2022-08-16,",03499999","-51,08888888",0.0,1009.85,1906.15,28.32,73.92,4.37
2022-08-17,",03499999","-51,08888888",20.8,1009.36,1771.78,28.34,75.08,4.36
2022-08-18,",03499999","-51,08888888",0.0,1009.63,1775.92,29.04,71.29,6.78
2022-08-19,",03499999","-51,08888888",0.0,1011.0,1929.58,28.44,75.5,5.46
2022-08-20,",03499999","-51,08888888",0.0,1010.18,1715.81,27.56,77.33,5.01
2022-08-21,",03499999","-51,08888888",0.0,1010.32,1421.92,27.72,76.38,4.11
2022-08-22,",03499999","-51,08888888",0.6,1010.42,1127.47,27.18,77.78,4.14
2022-08-23,",03499999","-51,08888888",8.2,1010.93,1573.5,26.46,81.29,4.75
2022-08-24,",03499999","-51,08888888",0.0,1011.51,1852.85,27.94,76.17,4.91
2022-08-25,",03499999","-51,08888888",0.0,1011.87,1429.73,27.44,79.08,5.33
2022-08-26,",03499999","-51,08888888",3.2,1011.7,1789.03,27.12,78.92,5.0
2022-08-27,",03499999","-51,08888888",0.0,1010.2,1628.35,27.22,76.88,5.06
2022-08-28,",03499999","-51,08888888",0.2,1010.29,1879.48,28.16,75.5,4.97
2022-08-29,",03499999","-51,08888888",0.0,1010.24,1853.74,28.62,73.96,4.01
2022-08-30,",03499999","-51,08888888",0.0,1009.89,1831.48,29.32,72.17,4.37
2022-08-31,",03499999","-51,08888888",0.0,1010.05,1860.35,29.82,70.0,6.58
2022-09-01,",03499999","-51,08888888",0.0,1008.92,1817.64,28.93,73.29,6.41
2022-09-02,",03499999","-51,08888888",0.0,1009.36,1819.14,28.8,74.21,6.1
2022-09-03,",03499999","-51,08888888",0.0,1010.42,1913.56,28.62,74.71,5.85
2022-09-04,",03499999","-51,08888888",0.0,1010.13,1811.97,28.67,73.5,5.7
2022-09-05,",03499999","-51,08888888",1.0,1011.07,1839.74,29.18,72.71,6.74
2022-09-06,",03499999","-51,08888888",1.8,1012.04,1781.36,28.74,73.46,7.36
2022-09-07,",03499999","-51,08888888",26.0,1011.86,1316.25,26.98,80.75,6.55
2022-09-08,",03499999","-51,08888888",4.2,1010.13,1576.94,27.8,77.65,5.76
2022-09-09,",03499999","-51,08888888",0.0,1010.61,1948.99,28.55,70.17,7.12
2022-09-10,",03499999","-51,08888888",0.0,1011.59,1946.42,28.67,71.42,6.17
2022-09-11,",03499999","-51,08888888",0.0,1010.92,1843.08,28.5,73.83,4.85
2022-09-12,",03499999","-51,08888888",0.0,1009.47,1946.05,28.36,72.83,5.36
2022-09-13,",03499999","-51,08888888",0.0,1009.2,1990.88,28.73,71.83,5.95
2022-09-14,",03499999","-51,08888888",0.0,1010.3,1940.92,29.08,70.46,6.4
2022-09-15,",03499999","-51,08888888",0.0,1010.28,1986.77,28.76,72.92,6.38
2022-09-16,",03499999","-51,08888888",0.0,1010.06,1915.05,28.66,72.25,5.7
2022-09-17,",03499999","-51,08888888",0.0,1009.55,1969.35,28.69,70.96,6.63
2022-09-18,",03499999","-51,08888888",0.0,1009.23,2024.45,28.46,69.75,6.12
2022-09-19,",03499999","-51,08888888",0.0,1008.89,1963.88,28.81,69.21,5.14
2022-09-20,",03499999","-51,08888888",0.6,1008.47,1953.97,28.89,70.58,7.1
2022-09-21,",03499999","-51,08888888",17.2,1008.76,1899.06,28.0,77.71,6.38
2022-09-22,",03499999","-51,08888888",0.0,1009.63,2023.04,28.23,70.58,6.01
2022-09-23,",03499999","-51,08888888",0.0,1010.22,2035.79,28.14,67.0,4.73
2022-09-24,",03499999","-51,08888888",0.0,1009.11,1998.45,28.26,70.21,4.88
2022-09-25,",03499999","-51,08888888",0.0,1008.73,1739.34,28.75,72.38,5.81
2022-09-26,",03499999","-51,08888888",0.0,1010.01,1956.83,28.77,71.75,6.74
2022-09-27,",03499999","-51,08888888",0.0,1010.14,1976.11,28.33,71.09,5.48
2022-09-28,",03499999","-51,08888888",0.0,1009.2,1983.49,28.75,70.29,5.72
2022-09-29,",03499999","-51,08888888",0.0,1008.83,1889.98,28.84,72.38,6.34
2022-09-30,",03499999","-51,08888888",0.0,1009.41,1910.38,28.94,73.39,5.86
2022-10-01,",03499999","-51,08888888",0.0,1009.8,1995.01,29.24,68.52,7.54
2022-10-02,",03499999","-51,08888888",0.0,1010.63,1965.52,28.48,71.43,5.41
2022-10-03,",03499999","-51,08888888",0.0,1010.58,1915.75,28.78,70.75,5.64
2022-10-04,",03499999","-51,08888888",0.0,1009.41,1993.02,28.8,72.33,5.99
2022-10-05,",03499999","-51,08888888",0.0,1008.44,2019.83,28.84,70.96,6.3
2022-10-06,",03499999","-51,08888888",0.0,1008.77,1950.57,28.44,71.12,6.29
2022-10-07,",03499999","-51,08888888",0.0,1009.39,1928.85,28.36,70.33,6.15
2022-10-08,",03499999","-51,08888888",0.0,1008.1,1995.37,28.59,70.54,5.34
2022-10-09,",03499999","-51,08888888",0.0,1007.9,1705.76,28.81,73.08,6.09
2022-10-10,",03499999","-51,08888888",2.6,1009.77,1547.82,28.24,77.05,6.04
2022-10-11,",03499999","-51,08888888",0.0,1010.0,1981.08,29.12,71.88,4.87
2022-10-12,",03499999","-51,08888888",0.0,1008.45,1910.65,28.68,73.96,5.87
2022-10-13,",03499999","-51,08888888",2.6,1008.63,1618.98,28.62,74.0,6.09
2022-10-14,",03499999","-51,08888888",0.0,1009.82,1838.57,29.15,71.33,6.94
2022-10-15,",03499999","-51,08888888",0.0,1009.54,1954.66,29.15,69.92,6.6
2022-10-16,",03499999","-51,08888888",0.0,1008.21,1716.67,28.98,69.62,6.05
2022-10-17,",03499999","-51,08888888",0.0,1007.84,1909.61,29.18,68.62,6.62
2022-10-18,",03499999","-51,08888888",0.0,1009.19,1978.86,29.4,67.75,7.06
2022-10-19,",03499999","-51,08888888",0.0,1009.58,1876.61,29.35,70.21,7.91
2022-10-20,",03499999","-51,08888888",0.0,1008.78,1973.65,29.08,69.54,6.57
2022-10-21,",03499999","-51,08888888",0.0,1007.39,1880.65,28.93,71.04,5.98
2022-10-22,",03499999","-51,08888888",0.0,1008.27,1769.31,29.22,71.12,5.93
2022-10-23,",03499999","-51,08888888",0.0,1009.08,1825.43,29.7,66.88,8.49
2022-10-24,",03499999","-51,08888888",0.0,1008.71,1963.85,29.45,66.71,6.97
2022-10-25,",03499999","-51,08888888",0.0,1007.97,2034.21,29.07,71.12,5.3
2022-10-26,",03499999","-51,08888888",6.4,1008.12,1799.58,28.52,72.04,5.77
2022-10-27,",03499999","-51,08888888",0.0,1008.31,1570.16,29.46,65.39,8.74
2022-10-28,",03499999","-51,08888888",0.0,1008.09,1921.06,28.77,70.0,6.75
2022-10-29,",03499999","-51,08888888",0.0,1007.04,1976.58,28.9,71.91,5.72
2022-10-30,",03499999","-51,08888888",0.6,1006.32,1571.36,28.41,76.25,5.5
2022-10-31,",03499999","-51,08888888",0.0,1008.31,1616.62,29.11,70.42,6.8
2022-11-01,",03499999","-51,08888888",0.0,1008.79,1973.93,28.88,73.0,7.08
2022-11-02,",03499999","-51,08888888",0.0,1009.67,1972.18,29.35,71.54,4.58
2022-11-03,",03499999","-51,08888888",0.0,1009.38,1360.39,28.45,75.08,4.45
2022-11-04,",03499999","-51,08888888",17.0,1009.78,1164.25,26.21,83.75,3.99
2022-11-05,",03499999","-51,08888888",2.6,1009.22,969.67,26.68,83.04,3.58
2022-11-06,",03499999","-51,08888888",0.0,1009.68,2047.05,27.7,76.62,3.65
2022-11-07,",03499999","-51,08888888",24.4,1010.18,806.57,26.04,85.96,4.47
2022-11-08,",03499999","-51,08888888",0.6,1010.88,1181.66,26.09,84.83,3.76
2022-11-09,",03499999","-51,08888888",0.4,1010.28,1918.89,27.92,74.67,6.76
2022-11-10,",03499999","-51,08888888",0.0,1010.04,1997.98,28.09,71.87,5.03
2022-11-11,",03499999","-51,08888888",0.0,1008.7,1928.85,28.04,71.21,5.47
2022-11-12,",03499999","-51,08888888",0.0,1008.09,1950.37,28.42,74.5,5.13
2022-11-13,",03499999","-51,08888888",0.0,1008.07,1555.42,28.18,76.62,5.52
2022-11-14,",03499999","-51,08888888",0.0,1008.93,1908.02,28.66,73.86,6.44
2022-11-15,",03499999","-51,08888888",0.0,1009.42,1956.25,28.6,72.5,6.55
2022-11-16,",03499999","-51,08888888",0.0,1009.17,1883.6,28.53,71.13,4.72
2022-11-17,",03499999","-51,08888888",0.0,1008.63,1884.93,28.67,71.54,4.89
2022-11-18,",03499999","-51,08888888",0.0,1008.28,1645.75,28.0,72.75,5.38
2022-11-19,",03499999","-51,08888888",0.0,1009.2,1768.72,28.18,69.74,5.99
2022-11-20,",03499999","-51,08888888",0.0,1008.18,1982.91,28.53,70.96,5.58
2022-11-21,",03499999","-51,08888888",0.0,1007.3,1972.16,28.14,71.33,5.31
2022-11-22,",03499999","-51,08888888",0.0,1006.97,1853.84,28.45,73.17,5.49
2022-11-23,",03499999","-51,08888888",0.0,1006.63,1782.25,28.69,73.05,6.52
2022-11-24,",03499999","-51,08888888",8.0,1007.0,1773.27,28.4,76.59,5.13
2022-11-25,",03499999","-51,08888888",17.0,1008.98,1803.77,27.49,76.83,4.67
2022-11-26,",03499999","-51,08888888",0.0,1009.1,1360.12,27.99,74.75,4.61
2022-11-27,",03499999","-51,08888888",0.0,1008.6,1928.16,28.5,72.13,4.53
2022-11-28,",03499999","-51,08888888",0.0,1006.87,1495.14,27.79,76.09,5.1
2022-11-29,",03499999","-51,08888888",11.4,1005.7,1201.14,25.79,84.08,5.02
2022-11-30,",03499999","-51,08888888",0.2,1005.7,1723.14,26.44,81.38,4.4
2022-12-01,",03499999","-51,08888888",0.0,1005.91,1871.15,27.17,80.5,5.2
2022-12-02,",03499999","-51,08888888",8.2,1006.38,698.77,25.58,86.75,4.77
2022-12-03,",03499999","-51,08888888",5.4,1007.12,1214.55,24.86,85.29,4.18
2022-12-04,",03499999","-51,08888888",0.0,1006.28,1578.75,26.42,78.46,4.83
2022-12-05,",03499999","-51,08888888",33.8,1008.05,588.82,25.51,84.38,4.21
2022-12-06,",03499999","-51,08888888",12.8,1009.13,1140.93,26.4,84.62,4.09
2022-12-07,",03499999","-51,08888888",0.6,1008.78,1708.93,27.38,81.04,4.8
2022-12-08,",03499999","-51,08888888",0.2,1007.97,1160.22,26.75,82.04,4.39
2022-12-09,",03499999","-51,08888888",0.0,1008.42,1871.67,27.39,77.7,5.1
2022-12-10,",03499999","-51,08888888",0.0,1009.04,1387.79,27.28,76.68,5.07
2022-12-11,",03499999","-51,08888888",0.6,1009.72,1544.74,26.75,80.09,5.09
2022-12-12,",03499999","-51,08888888",0.0,1008.67,1867.25,27.72,75.83,5.87
2022-12-13,",03499999","-51,08888888",0.0,1008.4,1968.45,28.06,74.08,5.87
2022-12-14,",03499999","-51,08888888",0.0,1008.55,1809.45,27.59,76.21,4.81
2022-12-15,",03499999","-51,08888888",0.0,1009.0,1744.0,27.7,76.36,4.9
2022-12-16,",03499999","-51,08888888",0.8,1007.43,1820.62,27.79,76.17,5.73
2022-12-17,",03499999","-51,08888888",3.0,1006.48,1384.59,26.94,80.04,5.55
2022-12-18,",03499999","-51,08888888",6.2,1007.78,1371.49,26.76,81.88,4.65
2022-12-19,",03499999","-51,08888888",0.6,1008.92,1553.83,26.95,81.58,5.1
2022-12-20,",03499999","-51,08888888",0.2,1009.14,1690.23,27.39,79.5,5.32
2022-12-21,",03499999","-51,08888888",0.0,1008.92,1760.85,27.39,77.71,5.45
2022-12-22,",03499999","-51,08888888",5.0,1009.29,834.48,25.64,86.58,4.6
2022-12-23,",03499999","-51,08888888",3.4,1010.36,949.64,25.54,84.54,3.94
2022-12-24,",03499999","-51,08888888",0.0,1009.37,1170.52,26.15,80.08,4.59
2022-12-25,",03499999","-51,08888888",8.6,1008.16,1460.97,26.5,82.83,5.04
2022-12-26,",03499999","-51,08888888",0.2,1008.65,1310.31,26.28,83.46,4.93
2022-12-27,",03499999","-51,08888888",0.6,1009.6,1065.58,26.28,79.25,6.02
2022-12-28,",03499999","-51,08888888",8.6,1010.02,685.89,25.53,87.0,3.3
2022-12-29,",03499999","-51,08888888",27.4,1011.4,1694.62,25.63,83.83,4.02
2022-12-30,",03499999","-51,08888888",17.2,1010.04,1234.6,26.23,84.04,4.5
2022-12-31,",03499999","-51,08888888",3.0,1009.26,1862.77,27.21,79.74,4.64
2022-01-01,"-7,16527777","-34,81555555",0.0,1006.7,1321.68,28.27,68.26,5.17
2022-01-02,"-7,16527777","-34,81555555",0.2,1007.19,1477.02,28.35,69.62,4.91
2022-01-03,"-7,16527777","-34,81555555",5.4,1007.37,1320.43,27.61,73.62,5.2
2022-01-04,"-7,16527777","-34,81555555",0.0,1005.77,1679.81,28.45,66.96,5.1
2022-01-05,"-7,16527777","-34,81555555",18.8,1005.98,1273.26,26.63,81.12,4.92
2022-01-06,"-7,16527777","-34,81555555",0.8,1006.3,1882.22,27.57,75.13,4.43
2022-01-07,"-7,16527777","-34,81555555",0.0,1006.73,1804.1,28.04,70.04,4.73
2022-01-08,"-7,16527777","-34,81555555",0.0,1006.44,1864.32,28.08,66.62,4.54
2022-01-09,"-7,16527777","-34,81555555",0.0,1007.02,1846.84,28.28,68.75,4.02
2022-01-10,"-7,16527777","-34,81555555",4.6,1006.51,1807.27,28.35,70.92,4.12
2022-01-11,"-7,16527777","-34,81555555",0.8,1006.8,1493.4,27.16,79.58,3.8
2022-01-12,"-7,16527777","-34,81555555",11.0,1007.38,1844.73,27.1,78.48,3.35
2022-01-13,"-7,16527777","-34,81555555",5.6,1008.74,1977.02,27.64,76.08,3.42
2022-01-14,"-7,16527777","-34,81555555",5.8,1009.41,849.78,25.77,83.0,3.27
2022-01-15,"-7,16527777","-34,81555555",11.6,1008.9,846.69,25.11,87.25,3.27
2022-01-16,"-7,16527777","-34,81555555",0.0,1008.29,1888.05,26.77,74.78,3.59
2022-01-17,"-7,16527777","-34,81555555",0.4,1008.14,1317.15,27.73,71.43,4.33
2022-01-18,"-7,16527777","-34,81555555",1.0,1008.2,1749.48,28.3,70.52,4.2
2022-01-19,"-7,16527777","-34,81555555",0.0,1009.22,1959.95,28.49,63.92,4.1
2022-01-20,"-7,16527777","-34,81555555",0.0,1008.37,1794.22,28.01,70.0,3.48
2022-01-21,"-7,16527777","-34,81555555",86.2,1006.08,1718.55,27.12,77.55,4.18
2022-01-22,"-7,16527777","-34,81555555",0.0,1006.13,1835.82,27.4,69.74,3.42
2022-01-23,"-7,16527777","-34,81555555",0.0,1006.39,1860.71,27.55,70.29,3.56
2022-01-24,"-7,16527777","-34,81555555",0.0,1006.47,1849.93,27.99,69.0,3.93
2022-01-25,"-7,16527777","-34,81555555",0.0,1006.52,1829.36,28.7,65.57,4.07
2022-01-26,"-7,16527777","-34,81555555",0.4,1006.12,1576.23,28.12,69.96,4.45
2022-01-27,"-7,16527777","-34,81555555",42.2,1005.24,964.07,25.44,88.42,3.4
2022-01-28,"-7,16527777","-34,81555555",15.8,1004.89,1479.72,26.41,81.58,3.1
2022-01-29,"-7,16527777","-34,81555555",43.0,1007.48,1055.67,25.0,84.42,3.81
2022-01-30,"-7,16527777","-34,81555555",7.0,1007.6,1619.37,27.24,79.54,3.66
2022-01-31,"-7,16527777","-34,81555555",0.0,1006.98,1707.99,28.42,69.87,4.72
2022-02-01,"-7,16527777","-34,81555555",0.2,1007.19,1656.78,28.28,69.87,4.07
2022-02-02,"-7,16527777","-34,81555555",0.0,1007.34,1771.38,28.47,69.55,3.9
2022-02-03,"-7,16527777","-34,81555555",1.2,1006.91,1814.7,28.2,71.05,4.7
2022-02-04,"-7,16527777","-34,81555555",0.0,1006.59,1669.37,28.65,65.65,4.95
2022-02-05,"-7,16527777","-34,81555555",0.0,1006.38,1717.04,28.0,66.04,4.64
2022-02-06,"-7,16527777","-34,81555555",0.0,1006.76,2018.13,27.72,64.65,4.11
2022-02-07,"-7,16527777","-34,81555555",0.0,1006.78,1807.1,28.02,65.43,3.87
2022-02-08,"-7,16527777","-34,81555555",0.0,1005.92,1566.65,27.92,67.14,3.97
2022-02-09,"-7,16527777","-34,81555555",0.0,1005.08,2024.53,27.87,67.54,4.38
2022-02-10,"-7,16527777","-34,81555555",0.0,1005.53,2001.38,27.87,68.14,4.05
2022-02-11,"-7,16527777","-34,81555555",0.0,1005.47,1656.62,28.35,71.21,4.27
2022-02-12,"-7,16527777","-34,81555555",0.0,1005.8,1776.45,28.72,71.0,5.28
2022-02-13,"-7,16527777","-34,81555555",0.0,1006.11,1779.42,28.57,70.08,4.66
2022-02-14,"-7,16527777","-34,81555555",0.0,1006.16,1603.58,28.91,67.05,5.26
2022-02-15,"-7,16527777","-34,81555555",0.0,1006.71,1500.5,28.27,66.14,4.3
2022-02-16,"-7,16527777","-34,81555555",0.0,1006.91,1944.42,28.37,66.04,4.42
2022-02-17,"-7,16527777","-34,81555555",0.0,1006.86,1240.95,27.8,69.5,3.45
2022-02-18,"-7,16527777","-34,81555555",1.0,1005.42,1829.79,27.76,72.08,4.1
2022-02-19,"-7,16527777","-34,81555555",23.6,1005.68,1582.34,27.34,76.3,4.49
2022-02-20,"-7,16527777","-34,81555555",0.6,1007.21,1670.51,28.45,69.62,5.1
2022-02-21,"-7,16527777","-34,81555555",0.0,1007.92,1793.79,28.52,67.54,4.29
2022-02-22,"-7,16527777","-34,81555555",0.0,1007.36,1998.62,28.81,64.29,4.86
2022-02-23,"-7,16527777","-34,81555555",9.6,1006.86,1242.58,27.22,75.96,4.55
2022-02-24,"-7,16527777","-34,81555555",0.2,1006.72,1760.89,28.08,73.83,4.92
2022-02-25,"-7,16527777","-34,81555555",0.0,1007.6,1667.47,28.74,66.7,5.11
2022-02-26,"-7,16527777","-34,81555555",0.0,1007.9,1821.1,28.59,67.04,4.69
2022-02-27,"-7,16527777","-34,81555555",0.0,1006.47,1618.41,28.7,65.87,4.88
2022-02-28,"-7,16527777","-34,81555555",0.0,1006.34,1714.22,28.9,66.74,4.71
2022-03-01,"-7,16527777","-34,81555555",0.0,1006.95,1938.98,28.95,64.7,5.23
2022-03-02,"-7,16527777","-34,81555555",8.8,1006.89,1567.08,27.66,77.57,3.62
2022-03-03,"-7,16527777","-34,81555555",0.0,1006.23,1631.85,28.53,72.91,3.45
2022-03-04,"-7,16527777","-34,81555555",0.8,1005.24,1826.7,28.25,74.45,4.26
2022-03-05,"-7,16527777","-34,81555555",80.8,1005.33,638.02,25.63,88.7,4.21
2022-03-06,"-7,16527777","-34,81555555",11.2,1005.0,1102.38,26.43,81.46,5.12
2022-03-07,"-7,16527777","-34,81555555",0.4,1004.77,1588.44,27.31,73.3,4.23
2022-03-08,"-7,16527777","-34,81555555",0.0,1005.47,1873.5,27.76,72.48,3.67
2022-03-09,"-7,16527777","-34,81555555",0.0,1005.5,1517.48,28.4,72.17,3.97
2022-03-10,"-7,16527777","-34,81555555",3.4,1005.13,1942.88,28.77,69.52,5.13
2022-03-11,"-7,16527777","-34,81555555",0.0,1005.53,1714.31,28.16,68.75,4.3
2022-03-12,"-7,16527777","-34,81555555",0.0,1006.0,1705.08,27.79,74.05,3.6
2022-03-13,"-7,16527777","-34,81555555",0.2,1006.68,1161.31,27.63,75.58,3.74
2022-03-14,"-7,16527777","-34,81555555",1.0,1005.28,1233.27,27.64,78.09,3.71
2022-03-15,"-7,16527777","-34,81555555",1.4,1005.17,1410.02,27.5,79.45,3.8
2022-03-16,"-7,16527777","-34,81555555",2.4,1006.11,1594.57,27.52,79.5,3.37
2022-03-17,"-7,16527777","-34,81555555",5.8,1006.73,1917.59,27.68,79.04,3.87
2022-03-18,"-7,16527777","-34,81555555",2.8,1006.29,1690.14,28.14,72.39,4.83
2022-03-19,"-7,16527777","-34,81555555",0.0,1006.0,1789.5,27.9,71.83,4.14
2022-03-20,"-7,16527777","-34,81555555",0.0,1006.09,1828.68,28.8,68.91,4.04
2022-03-21,"-7,16527777","-34,81555555",13.6,1005.59,1502.39,27.03,83.09,4.33
2022-03-22,"-7,16527777","-34,81555555",14.6,1006.06,851.13,25.84,89.29,3.75
2022-03-23,"-7,16527777","-34,81555555",40.2,1006.4,1741.05,27.07,81.64,4.0
2022-03-24,"-7,16527777","-34,81555555",70.0,1006.42,998.04,25.75,89.0,4.14
2022-03-25,"-7,16527777","-34,81555555",0.4,1005.48,1951.28,27.5,77.14,4.26
2022-03-26,"-7,16527777","-34,81555555",21.0,1005.22,851.26,26.09,87.52,4.0
2022-03-27,"-7,16527777","-34,81555555",12.2,1005.9,1545.82,26.96,85.42,3.76
2022-03-28,"-7,16527777","-34,81555555",3.4,1006.62,1590.6,28.14,78.79,4.27
2022-03-29,"-7,16527777","-34,81555555",0.0,1005.84,1633.24,28.58,72.42,4.24
2022-03-30,"-7,16527777","-34,81555555",0.0,1004.51,1555.69,28.6,71.29,4.77
2022-03-31,"-7,16527777","-34,81555555",0.0,1005.45,1374.6,28.12,70.83,3.52
2022-04-01,"-7,16527777","-34,81555555",0.0,1007.16,1830.97,28.13,71.42,3.68
2022-04-02,"-7,16527777","-34,81555555",0.0,1007.81,1759.84,28.42,70.46,3.93
2022-04-03,"-7,16527777","-34,81555555",47.0,1006.74,1276.16,27.12,77.46,4.79
2022-04-04,"-7,16527777","-34,81555555",10.6,1006.37,1509.63,26.8,78.22,4.3
2022-04-05,"-7,16527777","-34,81555555",38.6,1006.61,1516.89,27.0,77.52,4.1
2022-04-06,"-7,16527777","-34,81555555",1.2,1006.54,1332.11,26.78,78.21,3.52
2022-04-07,"-7,16527777","-34,81555555",0.8,1006.8,1802.38,27.24,77.96,4.01
2022-04-08,"-7,16527777","-34,81555555",1.8,1007.39,1669.04,27.87,78.54,3.83
2022-04-09,"-7,16527777","-34,81555555",5.6,1006.67,1554.01,27.72,77.67,4.49
2022-04-10,"-7,16527777","-34,81555555",2.6,1005.22,1477.53,27.4,80.54,3.72
2022-04-11,"-7,16527777","-34,81555555",0.0,1005.59,1235.7,27.19,74.17,3.22
2022-04-12,"-7,16527777","-34,81555555",0.0,1005.86,1633.9,26.92,75.17,2.89
2022-04-13,"-7,16527777","-34,81555555",0.4,1005.7,1918.42,27.45,74.67,3.17
2022-04-14,"-7,16527777","-34,81555555",0.0,1005.3,1822.93,27.27,75.25,3.52
2022-04-15,"-7,16527777","-34,81555555",0.0,1005.12,1902.74,27.96,73.75,3.67
2022-04-16,"-7,16527777","-34,81555555",0.0,1005.79,1722.43,28.48,73.75,4.2
2022-04-17,"-7,16527777","-34,81555555",2.2,1005.78,1619.33,27.86,77.0,3.81
2022-04-18,"-7,16527777","-34,81555555",0.2,1006.03,1726.32,27.71,73.5,3.48
2022-04-19,"-7,16527777","-34,81555555",0.6,1006.58,1631.75,27.56,72.17,3.92
2022-04-20,"-7,16527777","-34,81555555",22.4,1006.68,1500.25,26.55,83.21,4.17
2022-04-21,"-7,16527777","-34,81555555",15.6,1006.19,1758.32,26.85,79.29,3.59
2022-04-22,"-7,16527777","-34,81555555",7.4,1005.58,1495.71,27.05,78.25,3.28
2022-04-23,"-7,16527777","-34,81555555",30.0,1006.28,844.94,26.18,88.0,4.04
2022-04-24,"-7,16527777","-34,81555555",27.2,1007.26,1007.82,25.7,87.75,4.3
2022-04-25,"-7,16527777","-34,81555555",3.4,1007.17,1671.02,26.86,78.83,3.93
2022-04-26,"-7,16527777","-34,81555555",0.2,1006.58,1646.52,26.74,77.5,4.34
2022-04-27,"-7,16527777","-34,81555555",10.2,1006.3,1475.0,26.76,79.08,4.35
2022-04-28,"-7,16527777","-34,81555555",5.6,1007.11,1384.89,26.76,83.42,3.82
2022-04-29,"-7,16527777","-34,81555555",0.6,1007.08,1422.05,26.72,77.58,4.23
2022-04-30,"-7,16527777","-34,81555555",7.4,1007.6,1538.79,26.36,78.04,4.33
2022-05-01,"-7,16527777","-34,81555555",0.8,1007.8,1307.65,27.02,76.75,4.53
2022-05-02,"-7,16527777","-34,81555555",11.0,1007.61,1289.61,26.85,85.25,3.97
2022-05-03,"-7,16527777","-34,81555555",4.6,1007.52,1385.41,27.29,82.38,4.0
2022-05-04,"-7,16527777","-34,81555555",0.2,1007.58,1393.3,28.36,75.04,4.72
2022-05-05,"-7,16527777","-34,81555555",40.2,1008.36,620.17,26.78,82.58,4.31
2022-05-06,"-7,16527777","-34,81555555",24.4,1008.88,1240.9,26.44,81.92,4.79
2022-05-07,"-7,16527777","-34,81555555",40.6,1009.0,885.85,25.65,85.42,3.98
2022-05-08,"-7,16527777","-34,81555555",11.8,1008.09,1564.56,26.1,80.38,5.83
2022-05-09,"-7,16527777","-34,81555555",0.8,1007.6,1398.57,25.91,77.38,5.58
2022-05-10,"-7,16527777","-34,81555555",8.0,1007.85,1182.06,25.68,83.0,3.49
2022-05-11,"-7,16527777","-34,81555555",1.4,1007.87,1037.98,26.16,80.92,3.72
2022-05-12,"-7,16527777","-34,81555555",3.4,1007.76,1263.35,26.8,79.29,3.4
2022-05-13,"-7,16527777","-34,81555555",0.0,1008.24,1399.82,27.33,78.17,3.77
2022-05-14,"-7,16527777","-34,81555555",8.8,1008.17,1143.7,26.22,84.17,3.85
2022-05-15,"-7,16527777","-34,81555555",15.4,1007.5,1313.52,26.36,88.0,3.34
2022-05-16,"-7,16527777","-34,81555555",8.8,1008.45,1177.18,26.65,85.12,3.61
2022-05-17,"-7,16527777","-34,81555555",2.4,1008.08,1287.36,27.28,82.62,3.55
2022-05-18,"-7,16527777","-34,81555555",0.0,1006.68,1565.93,27.29,77.96,2.74
2022-05-19,"-7,16527777","-34,81555555",0.0,1006.21,1722.09,27.4,76.88,4.17
2022-05-20,"-7,16527777","-34,81555555",0.0,1009.18,1547.18,27.92,75.88,4.29
2022-05-21,"-7,16527777","-34,81555555",135.0,1011.45,1579.52,26.1,83.46,4.82
2022-05-22,"-7,16527777","-34,81555555",35.6,1010.83,774.06,25.3,87.54,5.12
2022-05-23,"-7,16527777","-34,81555555",76.0,1009.75,674.08,24.15,93.21,5.9
2022-05-24,"-7,16527777","-34,81555555",28.2,1009.46,1187.47,24.65,90.83,4.52
2022-05-25,"-7,16527777","-34,81555555",79.8,1010.55,758.63,23.95,91.67,4.92
2022-05-26,"-7,16527777","-34,81555555",5.0,1009.87,1360.36,25.38,84.92,4.72
2022-05-27,"-7,16527777","-34,81555555",4.4,1008.95,1435.3,26.48,82.12,4.68
2022-05-28,"-7,16527777","-34,81555555",84.6,1008.61,630.69,24.04,90.62,5.01
2022-05-29,"-7,16527777","-34,81555555",10.2,1007.86,986.08,24.38,86.83,3.87
2022-05-30,"-7,16527777","-34,81555555",3.2,1006.58,1215.65,25.69,87.75,3.18
2022-05-31,"-7,16527777","-34,81555555",79.6,1006.27,469.75,25.04,94.5,3.32
2022-06-01,"-7,16527777","-34,81555555",43.0,1006.28,1192.12,25.29,90.75,3.99
2022-06-02,"-7,16527777","-34,81555555",36.2,1006.55,627.85,24.43,92.71,3.3
2022-06-03,"-7,16527777","-34,81555555",10.2,1007.64,922.78,24.82,89.58,2.51
2022-06-04,"-7,16527777","-34,81555555",1.0,1008.04,908.56,24.21,88.58,3.29
2022-06-05,"-7,16527777","-34,81555555",10.4,1008.43,839.28,24.42,88.08,3.98
2022-06-06,"-7,16527777","-34,81555555",5.2,1007.72,1255.02,24.75,85.54,4.25
2022-06-07,"-7,16527777","-34,81555555",5.0,1007.71,1255.44,24.82,85.38,3.98
2022-06-08,"-7,16527777","-34,81555555",0.0,1007.9,1617.54,25.74,81.12,3.28
2022-06-09,"-7,16527777","-34,81555555",40.8,1008.74,586.35,24.5,90.33,3.03
2022-06-10,"-7,16527777","-34,81555555",3.2,1008.36,1446.23,25.65,83.75,3.73
2022-06-11,"-7,16527777","-34,81555555",21.0,1008.23,430.6,23.64,93.62,2.86
2022-06-12,"-7,16527777","-34,81555555",0.2,1009.04,1540.91,25.2,83.54,2.8
2022-06-13,"-7,16527777","-34,81555555",0.0,1009.67,1402.52,25.85,80.83,2.99
2022-06-14,"-7,16527777","-34,81555555",0.0,1010.28,1521.29,25.41,77.62,3.1
2022-06-15,"-7,16527777","-34,81555555",0.4,1009.82,1465.12,25.15,79.83,2.72
2022-06-16,"-7,16527777","-34,81555555",1.2,1009.07,1443.34,25.25,79.33,3.29
2022-06-17,"-7,16527777","-34,81555555",0.0,1008.25,1362.12,25.24,73.75,4.59
2022-06-18,"-7,16527777","-34,81555555",0.0,1009.48,1597.65,25.77,75.17,3.6
2022-06-19,"-7,16527777","-34,81555555",1.4,1009.76,1348.72,26.27,78.08,3.42
2022-06-20,"-7,16527777","-34,81555555",27.8,1009.21,1007.13,25.3,82.88,4.57
2022-06-21,"-7,16527777","-34,81555555",0.2,1008.76,1544.24,26.77,70.38,4.66
2022-06-22,"-7,16527777","-34,81555555",82.8,1008.28,190.91,23.08,93.46,5.58
2022-06-23,"-7,16527777","-34,81555555",1.4,1009.16,1492.44,24.38,84.46,4.55
2022-06-24,"-7,16527777","-34,81555555",16.2,1008.73,1115.37,24.53,88.46,5.2
2022-06-25,"-7,16527777","-34,81555555",0.2,1008.33,1524.69,24.5,78.12,4.15
2022-06-26,"-7,16527777","-34,81555555",0.0,1007.97,1519.57,25.18,77.46,4.55
2022-06-27,"-7,16527777","-34,81555555",0.4,1008.6,939.86,24.21,80.75,8.1
2022-06-28,"-7,16527777","-34,81555555",0.8,1009.86,1340.12,24.94,79.64,6.27
2022-06-29,"-7,16527777","-34,81555555",60.8,1010.49,171.66,23.15,87.38,6.12
2022-06-30,"-7,16527777","-34,81555555",0.0,1009.48,1204.47,24.68,82.62,4.85
2022-07-01,"-7,16527777","-34,81555555",0.0,1008.91,1468.36,25.77,80.88,3.59
2022-07-02,"-7,16527777","-34,81555555",19.6,1010.56,998.2,25.22,88.71,4.19
2022-07-03,"-7,16527777","-34,81555555",48.8,1011.42,253.12,23.57,90.83,5.92
2022-07-04,"-7,16527777","-34,81555555",20.0,1010.4,985.44,24.61,90.12,4.23
2022-07-05,"-7,16527777","-34,81555555",1.2,1009.4,1211.26,26.02,72.5,5.79
2022-07-06,"-7,16527777","-34,81555555",7.4,1009.37,1334.61,26.17,75.92,4.54
2022-07-07,"-7,16527777","-34,81555555",88.6,1011.1,648.41,23.53,93.83,6.04
2022-07-08,"-7,16527777","-34,81555555",71.6,1011.92,1176.68,24.54,88.04,5.7
2022-07-09,"-7,16527777","-34,81555555",6.8,1011.29,1309.08,24.95,80.54,5.16
2022-07-10,"-7,16527777","-34,81555555",3.4,1009.74,1359.52,25.53,77.92,6.24
2022-07-11,"-7,16527777","-34,81555555",0.8,1008.51,987.28,24.43,81.08,5.16
2022-07-12,"-7,16527777","-34,81555555",0.2,1009.32,1356.42,25.39,78.21,4.05
2022-07-13,"-7,16527777","-34,81555555",0.4,1010.23,1451.55,25.67,78.33,4.44
2022-07-14,"-7,16527777","-34,81555555",0.0,1010.06,1368.2,25.31,75.42,5.23
2022-07-15,"-7,16527777","-34,81555555",2.8,1009.48,1300.11,24.5,78.71,6.64
2022-07-16,"-7,16527777","-34,81555555",4.8,1009.31,1149.17,24.12,86.33,5.92
2022-07-17,"-7,16527777","-34,81555555",17.8,1010.85,811.0,23.82,90.17,5.31
2022-07-18,"-7,16527777","-34,81555555",2.0,1011.32,908.42,23.83,82.92,4.2
2022-07-19,"-7,16527777","-34,81555555",6.0,1010.47,1299.06,25.16,78.17,5.97
2022-07-20,"-7,16527777","-34,81555555",0.8,1008.67,1363.98,24.3,81.21,4.86
2022-07-21,"-7,16527777","-34,81555555",58.2,1008.4,850.67,23.68,92.42,4.58
2022-07-22,"-7,16527777","-34,81555555",18.4,1009.02,725.88,23.19,90.67,4.06
2022-07-23,"-7,16527777","-34,81555555",0.4,1009.02,1273.75,24.38,82.42,5.32
2022-07-24,"-7,16527777","-34,81555555",2.6,1009.26,1240.38,25.25,76.67,6.52
2022-07-25,"-7,16527777","-34,81555555",0.8,1009.82,1661.08,24.36,70.08,7.12
2022-07-26,"-7,16527777","-34,81555555",0.6,1009.98,1567.62,23.99,76.29,5.13
2022-07-27,"-7,16527777","-34,81555555",2.6,1010.09,1329.64,24.53,81.39,4.33
2022-07-28,"-7,16527777","-34,81555555",0.0,1009.27,1643.42,25.07,74.75,5.6
2022-07-29,"-7,16527777","-34,81555555",0.0,1009.13,1445.6,25.34,80.88,3.83
2022-07-30,"-7,16527777","-34,81555555",77.0,1010.23,794.77,24.73,88.91,3.9
2022-07-31,"-7,16527777","-34,81555555",14.4,1010.55,927.87,25.0,86.68,4.09
2022-08-01,"-7,16527777","-34,81555555",0.4,1010.0,1421.25,25.61,73.0,5.51
2022-08-02,"-7,16527777","-34,81555555",3.0,1008.9,1044.58,24.45,82.46,4.6
2022-08-03,"-7,16527777","-34,81555555",16.2,1008.78,733.14,23.97,91.38,2.88
2022-08-04,"-7,16527777","-34,81555555",20.6,1008.92,1194.82,24.52,86.96,4.44
2022-08-05,"-7,16527777","-34,81555555",0.2,1009.11,1596.52,25.69,74.0,4.79
2022-08-06,"-7,16527777","-34,81555555",1.4,1009.29,1420.2,24.97,78.88,4.46
2022-08-07,"-7,16527777","-34,81555555",11.2,1009.35,1398.38,25.2,78.33,4.73
2022-08-08,"-7,16527777","-34,81555555",0.0,1009.96,1654.02,25.04,71.5,4.65
2022-08-09,"-7,16527777","-34,81555555",0.2,1010.83,1591.08,25.41,74.62,4.42
2022-08-10,"-7,16527777","-34,81555555",0.0,1011.29,1718.0,25.37,72.25,4.05
2022-08-11,"-7,16527777","-34,81555555",2.4,1010.43,1370.6,25.1,79.79,3.38
2022-08-12,"-7,16527777","-34,81555555",0.0,1011.57,1436.44,26.18,77.38,3.99
2022-08-13,"-7,16527777","-34,81555555",0.0,1012.73,1478.1,26.59,65.92,6.49
2022-08-14,"-7,16527777","-34,81555555",0.0,1011.82,1550.18,25.02,68.83,5.34
2022-08-15,"-7,16527777","-34,81555555",0.4,1010.52,1746.78,25.02,67.62,4.47
2022-08-16,"-7,16527777","-34,81555555",0.0,1010.17,1637.13,26.19,61.04,5.29
2022-08-17,"-7,16527777","-34,81555555",3.6,1010.07,1247.84,25.1,73.21,5.88
2022-08-18,"-7,16527777","-34,81555555",0.6,1010.06,1484.3,25.69,67.5,6.07
2022-08-19,"-7,16527777","-34,81555555",0.0,1010.88,1697.92,24.53,71.42,5.45
2022-08-20,"-7,16527777","-34,81555555",0.8,1010.6,1712.53,24.52,68.88,6.22
2022-08-21,"-7,16527777","-34,81555555",0.2,1010.8,1648.08,24.83,70.29,5.96
2022-08-22,"-7,16527777","-34,81555555",4.6,1010.57,1171.15,23.7,85.5,5.68
2022-08-23,"-7,16527777","-34,81555555",30.6,1010.84,538.64,22.7,93.67,6.34
2022-08-24,"-7,16527777","-34,81555555",3.0,1011.19,1487.98,24.92,76.25,6.81
2022-08-25,"-7,16527777","-34,81555555",0.8,1011.91,1742.65,24.71,71.67,5.92
2022-08-26,"-7,16527777","-34,81555555",0.0,1011.84,1580.81,24.58,71.5,5.6
2022-08-27,"-7,16527777","-34,81555555",9.4,1010.68,864.91,23.36,86.96,4.84
2022-08-28,"-7,16527777","-34,81555555",0.4,1010.2,1679.85,24.94,79.0,4.56
2022-08-29,"-7,16527777","-34,81555555",0.0,1010.24,1569.96,25.08,75.17,5.52
2022-08-30,"-7,16527777","-34,81555555",0.0,1010.4,1784.25,24.95,71.5,7.43
2022-08-31,"-7,16527777","-34,81555555",0.0,1010.84,1610.53,24.46,71.0,6.5
2022-09-01,"-7,16527777","-34,81555555",0.0,1010.09,1483.75,24.51,74.42,6.24
2022-09-02,"-7,16527777","-34,81555555",4.8,1010.43,1556.51,25.16,76.62,5.55
2022-09-03,"-7,16527777","-34,81555555",0.2,1011.17,1447.89,25.17,74.25,5.47
2022-09-04,"-7,16527777","-34,81555555",8.4,1011.2,1235.98,24.59,79.83,5.81
2022-09-05,"-7,16527777","-34,81555555",20.0,1012.4,707.74,22.9,92.71,6.15
2022-09-06,"-7,16527777","-34,81555555",5.8,1012.53,1656.85,24.85,81.38,6.11
2022-09-07,"-7,16527777","-34,81555555",0.6,1012.05,1620.83,24.51,73.75,6.27
2022-09-08,"-7,16527777","-34,81555555",0.0,1010.62,1657.34,24.4,72.0,4.38
2022-09-09,"-7,16527777","-34,81555555",0.0,1010.81,1693.9,25.39,66.58,4.05
2022-09-10,"-7,16527777","-34,81555555",0.4,1011.38,1758.85,24.8,74.78,4.53
2022-09-11,"-7,16527777","-34,81555555",1.4,1010.74,1448.43,25.02,77.0,4.56
2022-09-12,"-7,16527777","-34,81555555",0.0,1009.99,1892.15,26.14,68.52,4.56
2022-09-13,"-7,16527777","-34,81555555",1.6,1009.07,1159.22,25.12,76.39,4.76
2022-09-14,"-7,16527777","-34,81555555",2.4,1009.79,1235.79,25.08,82.26,3.46
2022-09-15,"-7,16527777","-34,81555555",0.2,1010.16,1685.62,26.38,70.33,4.35
2022-09-16,"-7,16527777","-34,81555555",0.0,1010.18,1824.49,26.02,67.04,3.73
2022-09-17,"-7,16527777","-34,81555555",0.0,1009.3,1542.58,25.59,71.96,4.27
2022-09-18,"-7,16527777","-34,81555555",0.2,1008.98,1213.21,25.62,76.75,4.7
2022-09-19,"-7,16527777","-34,81555555",0.0,1009.08,1942.52,26.25,64.0,4.93
2022-09-20,"-7,16527777","-34,81555555",0.0,1008.86,1648.28,26.66,65.5,5.01
2022-09-21,"-7,16527777","-34,81555555",0.0,1008.47,1661.92,26.29,70.61,3.91
2022-09-22,"-7,16527777","-34,81555555",0.4,1008.56,1842.28,26.71,71.61,4.67
2022-09-23,"-7,16527777","-34,81555555",0.0,1008.53,1241.89,26.42,74.0,4.23
2022-09-24,"-7,16527777","-34,81555555",0.0,1008.67,1782.13,26.66,69.17,4.48
2022-09-25,"-7,16527777","-34,81555555",1.2,1009.32,1804.98,26.62,69.36,4.33
2022-09-26,"-7,16527777","-34,81555555",0.4,1009.92,1550.9,26.53,68.64,5.78
2022-09-27,"-7,16527777","-34,81555555",0.0,1009.99,1877.45,26.78,63.48,5.97
2022-09-28,"-7,16527777","-34,81555555",0.0,1009.15,1716.62,26.12,66.29,4.92
2022-09-29,"-7,16527777","-34,81555555",0.0,1008.97,1256.7,26.09,70.87,4.4
2022-09-30,"-7,16527777","-34,81555555",0.0,1009.44,1891.88,26.96,66.55,5.0
2022-10-01,"-7,16527777","-34,81555555",0.0,1010.03,1878.08,26.97,65.26,5.54
2022-10-02,"-7,16527777","-34,81555555",1.0,1010.49,1196.02,25.53,73.09,4.06
2022-10-03,"-7,16527777","-34,81555555",0.0,1010.13,1957.68,26.15,67.12,4.31
2022-10-04,"-7,16527777","-34,81555555",0.0,1009.08,1882.28,26.93,64.39,4.66
2022-10-05,"-7,16527777","-34,81555555",0.6,1008.45,1371.27,26.25,72.9,3.98
2022-10-06,"-7,16527777","-34,81555555",0.4,1008.73,1666.13,26.59,78.21,3.51
2022-10-07,"-7,16527777","-34,81555555",7.6,1008.17,1713.33,26.75,78.09,4.87
2022-10-08,"-7,16527777","-34,81555555",0.0,1007.12,1766.38,27.34,69.52,4.67
2022-10-09,"-7,16527777","-34,81555555",0.0,1008.07,1445.48,27.18,72.92,5.19
2022-10-10,"-7,16527777","-34,81555555",3.8,1009.26,1351.85,27.14,74.5,5.97
2022-10-11,"-7,16527777","-34,81555555",1.6,1010.1,1597.89,26.93,68.78,7.27
2022-10-12,"-7,16527777","-34,81555555",1.2,1008.2,1696.54,26.45,69.13,6.63
2022-10-13,"-7,16527777","-34,81555555",0.0,1008.77,1647.88,27.2,68.0,5.82
2022-10-14,"-7,16527777","-34,81555555",0.0,1009.94,1919.66,27.27,64.96,5.81
2022-10-15,"-7,16527777","-34,81555555",0.6,1009.68,1517.8,26.26,71.75,5.45
2022-10-16,"-7,16527777","-34,81555555",1.6,1008.29,1583.86,26.17,74.61,5.08
2022-10-17,"-7,16527777","-34,81555555",0.0,1008.35,1804.36,27.44,67.0,5.15
2022-10-18,"-7,16527777","-34,81555555",0.8,1010.13,1503.68,26.96,69.26,5.23
2022-10-19,"-7,16527777","-34,81555555",0.2,1010.64,1627.49,26.94,68.21,5.5
2022-10-20,"-7,16527777","-34,81555555",0.0,1008.65,1575.7,27.04,64.87,5.37
2022-10-21,"-7,16527777","-34,81555555",0.0,1007.38,1723.77,27.13,64.57,4.79
2022-10-22,"-7,16527777","-34,81555555",0.0,1007.88,1630.86,27.23,67.67,5.22
2022-10-23,"-7,16527777","-34,81555555",0.8,1008.94,1602.88,26.8,72.22,5.04
2022-10-24,"-7,16527777","-34,81555555",0.0,1008.31,1253.89,26.93,71.73,5.36
2022-10-25,"-7,16527777","-34,81555555",0.0,1006.93,1110.32,26.82,70.26,5.55
2022-10-26,"-7,16527777","-34,81555555",0.0,1007.3,1840.32,27.13,67.52,5.13
2022-10-27,"-7,16527777","-34,81555555",0.0,1008.39,1714.22,27.72,67.41,4.57
2022-10-28,"-7,16527777","-34,81555555",0.0,1008.64,1715.28,27.62,65.88,5.12
2022-10-29,"-7,16527777","-34,81555555",1.4,1007.55,1850.7,27.5,67.95,5.85
2022-10-30,"-7,16527777","-34,81555555",6.8,1006.5,1374.72,26.83,72.19,4.9
2022-10-31,"-7,16527777","-34,81555555",0.0,1007.05,1497.5,26.4,72.54,4.06
2022-11-01,"-7,16527777","-34,81555555",0.0,1007.96,1644.54,26.94,69.52,4.6
2022-11-02,"-7,16527777","-34,81555555",0.0,1008.0,1521.34,27.0,67.5,4.41
2022-11-03,"-7,16527777","-34,81555555",0.0,1007.27,1833.64,27.12,68.96,4.46
2022-11-04,"-7,16527777","-34,81555555",0.0,1006.77,1629.25,27.47,70.3,6.34
2022-11-05,"-7,16527777","-34,81555555",0.0,1007.59,1825.49,27.37,70.95,4.76
2022-11-06,"-7,16527777","-34,81555555",0.0,1007.82,1239.24,27.32,70.68,4.99
2022-11-07,"-7,16527777","-34,81555555",0.0,1008.29,1510.51,27.13,70.04,4.34
2022-11-08,"-7,16527777","-34,81555555",1.0,1009.02,1916.84,27.18,70.29,4.52
2022-11-09,"-7,16527777","-34,81555555",0.0,1009.65,1534.96,27.14,70.17,4.31
2022-11-10,"-7,16527777","-34,81555555",0.0,1008.47,1817.88,27.52,66.21,4.59
2022-11-11,"-7,16527777","-34,81555555",6.6,1007.24,1632.5,26.93,74.0,4.15
2022-11-12,"-7,16527777","-34,81555555",7.2,1006.33,1349.72,26.49,78.73,4.11
2022-11-13,"-7,16527777","-34,81555555",4.4,1007.1,1264.15,26.42,81.05,4.6
2022-11-14,"-7,16527777","-34,81555555",0.2,1008.21,1586.97,26.98,73.62,4.76
2022-11-15,"-7,16527777","-34,81555555",0.0,1009.6,1181.12,26.28,75.45,3.88
2022-11-16,"-7,16527777","-34,81555555",0.0,1007.73,1612.64,27.27,69.13,4.68
2022-11-17,"-7,16527777","-34,81555555",5.0,1006.9,1580.23,27.01,71.5,4.65
2022-11-18,"-7,16527777","-34,81555555",10.8,1006.84,1530.15,26.29,77.24,4.18
2022-11-19,"-7,16527777","-34,81555555",0.0,1008.18,1474.28,26.75,72.5,4.72
2022-11-20,"-7,16527777","-34,81555555",0.0,1007.55,1488.64,27.34,68.23,4.84
2022-11-21,"-7,16527777","-34,81555555",0.0,1006.89,1373.39,26.85,68.32,4.42
2022-11-22,"-7,16527777","-34,81555555",6.6,1007.09,978.1,25.22,78.29,3.96
2022-11-23,"-7,16527777","-34,81555555",0.0,1006.17,1804.41,27.25,69.11,4.41
2022-11-24,"-7,16527777","-34,81555555",0.0,1006.02,1745.73,27.15,70.27,4.42
2022-11-25,"-7,16527777","-34,81555555",0.0,1006.76,1862.49,27.68,68.91,5.37
2022-11-26,"-7,16527777","-34,81555555",0.0,1007.53,1688.27,27.68,70.5,4.87
2022-11-27,"-7,16527777","-34,81555555",0.0,1007.01,1791.45,27.47,70.39,5.1
2022-11-28,"-7,16527777","-34,81555555",0.0,1004.05,1658.64,27.3,69.62,5.52
2022-11-29,"-7,16527777","-34,81555555",0.0,1002.47,1477.14,27.23,68.21,5.86
2022-11-30,"-7,16527777","-34,81555555",0.0,1003.85,1201.13,27.14,67.62,4.58
2022-12-01,"-7,16527777","-34,81555555",0.0,1005.7,1297.99,27.46,68.0,4.78
2022-12-02,"-7,16527777","-34,81555555",0.6,1006.52,1772.55,27.66,65.29,5.38
2022-12-03,"-7,16527777","-34,81555555",7.8,1005.64,1612.97,26.7,75.95,5.66
2022-12-04,"-7,16527777","-34,81555555",4.8,1004.83,1852.31,27.29,70.74,5.53
2022-12-05,"-7,16527777","-34,81555555",7.6,1006.74,1346.99,26.31,76.21,4.85
2022-12-06,"-7,16527777","-34,81555555",0.0,1008.8,1866.13,27.44,67.95,4.87
2022-12-07,"-7,16527777","-34,81555555",1.2,1007.75,1706.36,27.71,70.0,4.49
2022-12-08,"-7,16527777","-34,81555555",0.0,1005.81,1730.78,27.38,70.09,3.95
2022-12-09,"-7,16527777","-34,81555555",0.0,1006.98,1817.79,27.53,71.14,4.56
2022-12-10,"-7,16527777","-34,81555555",0.0,1008.0,1631.55,27.61,70.95,4.24
2022-12-11,"-7,16527777","-34,81555555",0.0,1007.87,1661.95,28.24,69.09,4.36
2022-12-12,"-7,16527777","-34,81555555",0.0,1006.88,1708.88,27.53,70.95,4.23
2022-12-13,"-7,16527777","-34,81555555",0.0,1006.59,1987.46,27.56,70.21,4.68
2022-12-14,"-7,16527777","-34,81555555",0.0,1006.57,1910.05,27.76,70.33,5.14
2022-12-15,"-7,16527777","-34,81555555",0.0,1006.68,1746.48,27.94,68.52,5.35
2022-12-16,"-7,16527777","-34,81555555",0.0,1005.61,1542.28,27.75,68.14,4.86
2022-12-17,"-7,16527777","-34,81555555",0.0,1004.94,1993.08,27.45,66.05,4.65
2022-12-18,"-7,16527777","-34,81555555",0.0,1006.43,1930.15,27.44,65.08,4.85
2022-12-19,"-7,16527777","-34,81555555",0.0,1007.16,1942.61,27.4,66.61,4.65
2022-12-20,"-7,16527777","-34,81555555",0.0,1007.0,1755.98,27.62,66.88,4.88
2022-12-21,"-7,16527777","-34,81555555",0.2,1006.53,1639.97,27.88,68.08,4.91
2022-12-22,"-7,16527777","-34,81555555",0.8,1005.84,1599.77,27.59,70.76,5.29
2022-12-23,"-7,16527777","-34,81555555",0.0,1006.42,1751.59,27.9,69.91,5.25
2022-12-24,"-7,16527777","-34,81555555",0.4,1007.43,1498.54,27.6,70.65,5.56
2022-12-25,"-7,16527777","-34,81555555",3.8,1007.65,1354.04,27.1,71.38,5.26
2022-12-26,"-7,16527777","-34,81555555",0.0,1007.17,1696.76,27.85,65.96,4.54
2022-12-27,"-7,16527777","-34,81555555",0.0,1007.91,1564.91,27.85,67.88,4.34
2022-12-28,"-7,16527777","-34,81555555",1.0,1008.34,1579.91,27.82,70.79,5.28
2022-12-29,"-7,16527777","-34,81555555",0.0,1008.78,1660.3,28.58,65.59,4.79
2022-12-30,"-7,16527777","-34,81555555",0.0,1008.28,1535.28,28.5,65.23,5.45
2022-12-31,"-7,16527777","-34,81555555",17.6,1007.96,1475.95,26.99,74.17,5.62
2022-01-01,"-15,78944444","-47,92583332",25.8,883.64,691.73,19.32,91.33,6.59
2022-01-02,"-15,78944444","-47,92583332",3.8,884.74,1144.53,19.97,88.25,6.45
2022-01-03,"-15,78944444","-47,92583332",12.2,884.82,1474.74,21.17,82.75,5.62
2022-01-04,"-15,78944444","-47,92583332",3.2,883.65,1367.91,20.92,84.42,5.91
2022-01-05,"-15,78944444","-47,92583332",0.0,883.42,1886.39,22.14,76.21,5.88
2022-01-06,"-15,78944444","-47,92583332",3.6,883.45,1496.36,21.19,83.29,6.86
2022-01-07,"-15,78944444","-47,92583332",16.8,883.69,559.27,19.77,91.33,6.68
2022-01-08,"-15,78944444","-47,92583332",17.2,883.65,925.22,19.77,91.5,6.58
2022-01-09,"-15,78944444","-47,92583332",11.6,884.11,515.86,19.33,92.46,8.32
2022-01-10,"-15,78944444","-47,92583332",3.8,884.23,863.19,19.75,89.88,6.98
2022-01-11,"-15,78944444","-47,92583332",20.6,884.47,810.69,19.12,91.5,6.36
2022-01-12,"-15,78944444","-47,92583332",3.8,886.17,1072.41,19.53,88.17,5.43
2022-01-13,"-15,78944444","-47,92583332",0.2,888.53,1401.17,20.45,82.08,5.5
2022-01-14,"-15,78944444","-47,92583332",0.0,889.92,2051.94,22.5,73.5,4.72
2022-01-15,"-15,78944444","-47,92583332",0.0,889.69,2396.19,22.82,54.96,6.21
2022-01-16,"-15,78944444","-47,92583332",0.0,888.0,1991.39,22.87,56.83,4.84
2022-01-17,"-15,78944444","-47,92583332",0.0,887.3,1995.84,23.13,64.38,5.14
2022-01-18,"-15,78944444","-47,92583332",0.0,887.72,1934.91,23.32,63.12,4.76
2022-01-19,"-15,78944444","-47,92583332",2.0,888.88,2030.78,23.0,67.04,4.73
2022-01-20,"-15,78944444","-47,92583332",0.0,888.27,2363.38,23.64,56.58,4.66
2022-01-21,"-15,78944444","-47,92583332",5.0,886.9,1547.15,22.08,65.46,4.59
2022-01-22,"-15,78944444","-47,92583332",0.0,886.34,2048.15,22.33,72.58,4.04
2022-01-23,"-15,78944444","-47,92583332",0.0,885.85,2316.52,24.3,60.42,5.58
2022-01-24,"-15,78944444","-47,92583332",0.0,885.49,2101.15,24.58,59.96,4.77
2022-01-25,"-15,78944444","-47,92583332",0.0,885.44,1353.88,22.45,69.21,4.82
2022-01-26,"-15,78944444","-47,92583332",0.0,885.91,1279.41,20.47,77.62,4.3
2022-01-27,"-15,78944444","-47,92583332",1.2,885.42,1506.84,20.52,79.17,4.75
2022-01-28,"-15,78944444","-47,92583332",2.0,884.24,1758.85,20.69,76.42,5.95
2022-01-29,"-15,78944444","-47,92583332",0.0,884.22,1878.12,21.54,73.71,7.08
2022-01-30,"-15,78944444","-47,92583332",0.0,885.38,1744.69,21.68,75.04,7.03
2022-01-31,"-15,78944444","-47,92583332",0.8,886.02,1350.84,20.78,79.17,5.79
2022-02-01,"-15,78944444","-47,92583332",0.0,886.22,1847.65,21.65,72.96,6.2
2022-02-02,"-15,78944444","-47,92583332",0.0,887.0,1298.67,21.98,77.96,3.73
2022-02-03,"-15,78944444","-47,92583332",49.0,887.25,1364.25,21.23,78.62,4.53
2022-02-04,"-15,78944444","-47,92583332",13.4,886.87,1175.94,21.39,82.38,4.4
2022-02-05,"-15,78944444","-47,92583332",0.2,885.62,1332.84,22.24,80.04,2.94
2022-02-06,"-15,78944444","-47,92583332",12.4,886.36,980.33,20.12,83.33,5.98
2022-02-07,"-15,78944444","-47,92583332",0.0,885.92,1108.51,21.15,80.58,4.11
2022-02-08,"-15,78944444","-47,92583332",10.6,885.21,972.08,20.55,85.21,3.85
2022-02-09,"-15,78944444","-47,92583332",4.6,884.19,1727.55,21.43,77.38,5.58
2022-02-10,"-15,78944444","-47,92583332",0.6,884.46,1396.37,20.36,81.5,7.85
2022-02-11,"-15,78944444","-47,92583332",6.0,884.58,1167.44,21.07,78.33,5.55
2022-02-12,"-15,78944444","-47,92583332",0.2,884.47,1296.81,21.28,75.67,4.9
2022-02-13,"-15,78944444","-47,92583332",12.2,885.04,1195.18,20.51,84.0,5.38
2022-02-14,"-15,78944444","-47,92583332",0.0,885.33,1525.47,21.6,76.5,4.62
2022-02-15,"-15,78944444","-47,92583332",9.2,886.34,1198.16,20.89,83.12,4.35
2022-02-16,"-15,78944444","-47,92583332",12.2,886.8,1114.28,21.24,82.42,4.14
2022-02-17,"-15,78944444","-47,92583332",58.8,886.48,855.78,19.68,87.92,4.66
2022-02-18,"-15,78944444","-47,92583332",0.2,883.81,1393.81,20.49,81.67,4.82
2022-02-19,"-15,78944444","-47,92583332",6.2,884.27,724.72,19.43,88.71,5.45
2022-02-20,"-15,78944444","-47,92583332",12.0,886.81,1221.8,19.67,82.21,4.11
2022-02-21,"-15,78944444","-47,92583332",27.2,888.01,1267.75,20.65,84.58,3.87
2022-02-22,"-15,78944444","-47,92583332",0.8,887.73,1750.83,21.15,78.46,5.28
2022-02-23,"-15,78944444","-47,92583332",0.0,886.07,1574.67,22.45,71.54,4.6
2022-02-24,"-15,78944444","-47,92583332",0.0,886.96,1417.3,21.14,79.79,3.85
2022-02-25,"-15,78944444","-47,92583332",0.0,887.86,1890.22,22.8,72.54,4.62
2022-02-26,"-15,78944444","-47,92583332",0.0,888.03,1828.48,23.29,70.75,6.32
2022-02-27,"-15,78944444","-47,92583332",0.0,886.78,1991.88,23.73,62.83,5.84
2022-02-28,"-15,78944444","-47,92583332",0.0,886.09,1973.43,23.71,60.0,5.68
2022-03-01,"-15,78944444","-47,92583332",0.0,886.33,1861.22,23.44,62.12,5.53
2022-03-02,"-15,78944444","-47,92583332",52.2,887.08,1262.22,21.1,73.42,7.27
2022-03-03,"-15,78944444","-47,92583332",0.2,887.29,1187.6,19.94,79.29,3.9
2022-03-04,"-15,78944444","-47,92583332",1.6,886.63,1439.02,20.35,79.75,4.66
2022-03-05,"-15,78944444","-47,92583332",0.0,885.94,1775.66,21.52,73.71,4.83
2022-03-06,"-15,78944444","-47,92583332",1.2,886.1,1408.02,21.72,69.79,6.55
2022-03-07,"-15,78944444","-47,92583332",1.8,885.7,1800.75,21.85,73.62,5.21
2022-03-08,"-15,78944444","-47,92583332",0.0,886.27,1794.28,21.95,73.25,4.92
2022-03-09,"-15,78944444","-47,92583332",0.0,886.14,2154.26,22.22,60.12,4.59
2022-03-10,"-15,78944444","-47,92583332",0.0,886.15,1632.95,22.98,61.96,4.3
2022-03-11,"-15,78944444","-47,92583332",9.8,886.0,1802.95,22.8,69.96,4.76
2022-03-12,"-15,78944444","-47,92583332",15.0,886.03,1286.42,21.18,81.67,4.38
2022-03-13,"-15,78944444","-47,92583332",0.4,886.91,1165.06,21.14,83.04,3.85
2022-03-14,"-15,78944444","-47,92583332",2.8,885.55,1015.22,21.23,82.79,3.35
2022-03-15,"-15,78944444","-47,92583332",27.6,885.6,1093.36,20.83,83.88,3.42
2022-03-16,"-15,78944444","-47,92583332",2.0,885.76,1387.78,22.0,79.0,4.39
2022-03-17,"-15,78944444","-47,92583332",0.0,887.18,1931.52,22.61,71.25,5.75
2022-03-18,"-15,78944444","-47,92583332",7.0,887.77,1438.58,21.92,79.21,4.18
2022-03-19,"-15,78944444","-47,92583332",0.0,886.88,2051.13,22.35,70.88,4.06
2022-03-20,"-15,78944444","-47,92583332",0.0,886.24,2031.78,22.81,59.25,4.2
2022-03-21,"-15,78944444","-47,92583332",0.0,886.28,1921.48,21.98,65.92,5.04
2022-03-22,"-15,78944444","-47,92583332",0.0,887.1,1564.15,21.97,69.0,7.0
2022-03-23,"-15,78944444","-47,92583332",0.0,887.29,1502.05,21.72,71.54,6.45
2022-03-24,"-15,78944444","-47,92583332",0.0,886.81,1444.68,22.42,70.33,4.92
2022-03-25,"-15,78944444","-47,92583332",0.0,886.34,1482.28,22.37,71.21,4.0
2022-03-26,"-15,78944444","-47,92583332",0.0,885.33,1752.78,22.95,68.88,4.31
2022-03-27,"-15,78944444","-47,92583332",0.0,886.05,1704.28,23.36,65.79,3.94
2022-03-28,"-15,78944444","-47,92583332",0.0,887.14,1737.2,23.54,64.54,4.74
2022-03-29,"-15,78944444","-47,92583332",0.0,886.66,1932.4,24.12,57.21,6.38
2022-03-30,"-15,78944444","-47,92583332",0.0,885.68,1593.62,23.4,59.33,4.52
2022-03-31,"-15,78944444","-47,92583332",0.0,885.79,1889.62,22.97,62.0,4.12
2022-04-01,"-15,78944444","-47,92583332",0.0,887.35,1607.26,22.5,60.33,3.79
2022-04-02,"-15,78944444","-47,92583332",0.0,888.24,1916.45,23.13,56.21,5.69
2022-04-03,"-15,78944444","-47,92583332",0.0,887.52,1911.21,23.13,55.79,6.14
2022-04-04,"-15,78944444","-47,92583332",0.0,887.39,1827.97,23.23,53.92,5.63
2022-04-05,"-15,78944444","-47,92583332",0.0,887.37,1905.14,23.25,51.71,5.02
2022-04-06,"-15,78944444","-47,92583332",0.0,886.7,1570.72,22.67,62.21,3.86
2022-04-07,"-15,78944444","-47,92583332",0.0,886.19,1693.75,23.65,60.71,4.3
2022-04-08,"-15,78944444","-47,92583332",1.0,887.23,1470.6,22.06,73.92,4.08
2022-04-09,"-15,78944444","-47,92583332",0.0,887.05,1813.52,23.36,67.83,3.46
2022-04-10,"-15,78944444","-47,92583332",0.0,885.61,1321.78,23.55,69.71,4.66
2022-04-11,"-15,78944444","-47,92583332",0.0,885.12,1099.83,22.03,76.25,4.1
2022-04-12,"-15,78944444","-47,92583332",0.0,885.71,1200.16,22.29,77.38,4.22
2022-04-13,"-15,78944444","-47,92583332",20.8,885.36,1015.96,21.1,82.46,3.58
2022-04-14,"-15,78944444","-47,92583332",0.2,884.65,1459.4,22.5,75.46,3.86
2022-04-15,"-15,78944444","-47,92583332",0.0,884.8,1268.09,22.2,73.88,4.76
2022-04-16,"-15,78944444","-47,92583332",0.0,885.85,1844.21,22.05,65.38,4.9
2022-04-17,"-15,78944444","-47,92583332",0.0,886.63,1429.85,21.43,67.21,4.82
2022-04-18,"-15,78944444","-47,92583332",0.0,887.21,1705.09,21.65,71.83,5.22
2022-04-19,"-15,78944444","-47,92583332",0.0,887.78,1706.37,21.64,65.83,5.64
2022-04-20,"-15,78944444","-47,92583332",0.0,887.8,1877.78,21.82,57.17,5.32
2022-04-21,"-15,78944444","-47,92583332",0.0,887.12,1707.54,21.44,56.04,4.68
2022-04-22,"-15,78944444","-47,92583332",0.0,885.56,1679.63,22.35,55.29,4.22
2022-04-23,"-15,78944444","-47,92583332",1.4,886.45,1457.68,21.17,67.79,3.84
2022-04-24,"-15,78944444","-47,92583332",0.0,888.03,1634.17,21.74,70.42,4.19
2022-04-25,"-15,78944444","-47,92583332",0.0,888.21,1915.43,23.7,57.29,6.85
2022-04-26,"-15,78944444","-47,92583332",0.0,888.16,1779.24,22.52,61.5,6.95
2022-04-27,"-15,78944444","-47,92583332",0.0,887.44,1834.12,22.23,62.25,6.33
2022-04-28,"-15,78944444","-47,92583332",0.0,888.95,1868.81,21.76,64.67,5.79
2022-04-29,"-15,78944444","-47,92583332",0.0,888.8,1616.23,22.14,62.17,6.1
2022-04-30,"-15,78944444","-47,92583332",0.0,888.49,1913.3,21.74,55.25,5.98
2022-05-01,"-15,78944444","-47,92583332",0.0,887.83,1616.17,20.48,58.67,4.55
2022-05-02,"-15,78944444","-47,92583332",0.0,887.93,1558.46,22.17,53.58,4.33
2022-05-03,"-15,78944444","-47,92583332",0.0,887.57,1576.96,22.69,55.96,4.3
2022-05-04,"-15,78944444","-47,92583332",0.0,887.16,1404.11,21.89,66.62,4.62
2022-05-05,"-15,78944444","-47,92583332",0.0,887.82,1137.88,21.91,75.17,4.0
2022-05-06,"-15,78944444","-47,92583332",14.4,889.2,1198.29,21.1,78.25,4.23
2022-05-07,"-15,78944444","-47,92583332",0.2,889.43,1439.07,22.04,74.29,4.51
2022-05-08,"-15,78944444","-47,92583332",0.0,889.05,1518.99,22.39,65.83,6.13
2022-05-09,"-15,78944444","-47,92583332",0.0,889.3,1644.79,21.56,63.33,5.71
2022-05-10,"-15,78944444","-47,92583332",0.0,888.47,1689.92,20.61,60.54,5.31
2022-05-11,"-15,78944444","-47,92583332",0.0,887.8,1290.95,19.52,63.38,3.41
2022-05-12,"-15,78944444","-47,92583332",0.0,887.41,1270.58,20.44,67.17,3.16
2022-05-13,"-15,78944444","-47,92583332",0.0,887.97,1496.59,21.72,62.42,3.66
2022-05-14,"-15,78944444","-47,92583332",0.0,887.97,1521.77,21.99,59.96,5.12
2022-05-15,"-15,78944444","-47,92583332",0.0,887.0,1271.71,21.9,63.79,4.43
2022-05-16,"-15,78944444","-47,92583332",0.0,887.92,1239.31,21.05,75.08,4.02
2022-05-17,"-15,78944444","-47,92583332",0.0,888.18,1423.64,19.56,78.08,5.15
2022-05-18,"-15,78944444","-47,92583332",0.0,887.9,1622.93,13.6,57.29,7.08
2022-05-19,"-15,78944444","-47,92583332",0.0,886.84,1785.9,11.31,55.79,5.79
2022-05-20,"-15,78944444","-47,92583332",0.0,889.05,1638.14,13.23,56.96,4.28
2022-05-21,"-15,78944444","-47,92583332",0.0,890.48,1750.06,16.43,47.67,4.62
2022-05-22,"-15,78944444","-47,92583332",0.0,890.5,1718.58,16.69,55.88,4.62
2022-05-23,"-15,78944444","-47,92583332",0.0,889.82,1454.47,18.79,61.5,4.05
2022-05-24,"-15,78944444","-47,92583332",0.0,890.41,1564.36,20.05,56.71,5.94
2022-05-25,"-15,78944444","-47,92583332",0.0,891.71,1692.25,18.4,59.75,7.0
2022-05-26,"-15,78944444","-47,92583332",0.0,891.74,1660.84,18.51,63.08,5.79
2022-05-27,"-15,78944444","-47,92583332",0.0,890.66,1506.39,19.21,64.42,5.96
2022-05-28,"-15,78944444","-47,92583332",0.0,889.16,1559.38,19.15,57.08,5.17
2022-05-29,"-15,78944444","-47,92583332",0.0,887.75,1642.8,18.95,50.29,4.01
2022-05-30,"-15,78944444","-47,92583332",0.0,887.14,1600.56,19.91,50.17,3.09
2022-05-31,"-15,78944444","-47,92583332",0.0,886.99,1601.42,20.03,48.5,3.62
2022-06-01,"-15,78944444","-47,92583332",0.0,886.86,1625.49,20.42,48.92,4.6
2022-06-02,"-15,78944444","-47,92583332",0.0,887.55,1572.9,20.73,51.96,3.75
2022-06-03,"-15,78944444","-47,92583332",0.0,888.66,1582.82,20.14,54.17,4.12
2022-06-04,"-15,78944444","-47,92583332",0.0,888.6,1581.33,19.47,58.25,4.69
2022-06-05,"-15,78944444","-47,92583332",0.0,889.46,1401.09,19.53,66.25,6.03
2022-06-06,"-15,78944444","-47,92583332",0.0,888.59,1607.55,19.03,60.0,5.35
2022-06-07,"-15,78944444","-47,92583332",0.0,887.67,1567.28,18.95,58.29,3.33
2022-06-08,"-15,78944444","-47,92583332",0.0,886.89,1564.12,19.73,55.83,3.07
2022-06-09,"-15,78944444","-47,92583332",0.0,887.44,1567.57,20.81,49.29,3.85
2022-06-10,"-15,78944444","-47,92583332",0.0,887.83,1386.92,20.1,53.38,3.25
2022-06-11,"-15,78944444","-47,92583332",0.0,888.05,1416.6,19.29,71.17,5.35
2022-06-12,"-15,78944444","-47,92583332",0.0,888.42,1005.12,19.35,72.12,3.9
2022-06-13,"-15,78944444","-47,92583332",0.0,889.25,1311.94,19.03,68.83,4.4
2022-06-14,"-15,78944444","-47,92583332",0.0,888.96,1388.43,20.26,55.04,5.32
2022-06-15,"-15,78944444","-47,92583332",0.0,889.88,1311.84,20.19,68.88,5.5
2022-06-16,"-15,78944444","-47,92583332",0.0,889.45,1564.48,20.37,59.25,5.34
2022-06-17,"-15,78944444","-47,92583332",0.0,887.63,1585.66,19.0,54.54,3.64
2022-06-18,"-15,78944444","-47,92583332",0.0,888.6,1514.63,19.67,51.71,3.68
2022-06-19,"-15,78944444","-47,92583332",0.0,889.41,1554.07,19.67,54.96,4.69
2022-06-20,"-15,78944444","-47,92583332",0.0,889.95,1564.52,19.83,53.58,5.65
2022-06-21,"-15,78944444","-47,92583332",0.0,889.66,1589.72,19.8,57.71,6.62
2022-06-22,"-15,78944444","-47,92583332",0.0,889.04,1589.49,19.53,56.17,5.19
2022-06-23,"-15,78944444","-47,92583332",0.0,889.72,1538.98,19.72,56.42,4.9
2022-06-24,"-15,78944444","-47,92583332",0.0,889.93,1576.97,20.0,54.17,4.64
2022-06-25,"-15,78944444","-47,92583332",0.0,889.72,1610.8,19.57,50.67,5.22
2022-06-26,"-15,78944444","-47,92583332",0.0,888.58,1587.35,17.87,55.08,3.93
2022-06-27,"-15,78944444","-47,92583332",0.0,889.16,1596.12,19.26,55.75,5.55
2022-06-28,"-15,78944444","-47,92583332",0.0,889.62,1586.52,18.35,57.42,5.37
2022-06-29,"-15,78944444","-47,92583332",0.0,889.92,1408.62,17.82,60.0,3.34
2022-06-30,"-15,78944444","-47,92583332",0.0,888.81,1567.26,18.68,53.88,3.28
2022-07-01,"-15,78944444","-47,92583332",0.0,888.98,1585.18,19.23,49.54,4.87
2022-07-02,"-15,78944444","-47,92583332",0.0,890.68,1592.77,19.58,53.29,5.29
2022-07-03,"-15,78944444","-47,92583332",0.0,892.43,1628.63,19.11,58.62,6.42
2022-07-04,"-15,78944444","-47,92583332",0.0,891.63,1635.83,18.09,54.29,7.75
2022-07-05,"-15,78944444","-47,92583332",0.0,890.36,1597.25,18.4,53.54,6.09
2022-07-06,"-15,78944444","-47,92583332",0.0,889.84,1625.84,19.03,52.71,5.35
2022-07-07,"-15,78944444","-47,92583332",0.0,890.16,1447.11,18.69,58.54,4.48
2022-07-08,"-15,78944444","-47,92583332",0.0,891.86,1588.49,19.78,56.42,4.78
2022-07-09,"-15,78944444","-47,92583332",0.0,891.68,1613.91,19.03,56.04,6.13
2022-07-10,"-15,78944444","-47,92583332",0.0,890.39,1580.12,19.0,54.67,6.79
2022-07-11,"-15,78944444","-47,92583332",0.0,888.69,1578.7,18.47,55.62,5.98
2022-07-12,"-15,78944444","-47,92583332",0.0,889.51,1436.11,18.35,54.79,3.89
2022-07-13,"-15,78944444","-47,92583332",0.0,889.58,1624.48,19.71,45.38,4.66
2022-07-14,"-15,78944444","-47,92583332",0.0,889.27,1553.45,20.2,49.21,5.75
2022-07-15,"-15,78944444","-47,92583332",0.0,888.94,1601.28,19.6,53.67,4.54
2022-07-16,"-15,78944444","-47,92583332",0.0,888.66,1622.31,20.93,46.21,4.37
2022-07-17,"-15,78944444","-47,92583332",0.0,890.29,1432.34,19.32,51.04,4.31
2022-07-18,"-15,78944444","-47,92583332",0.0,890.98,1692.39,20.05,46.33,7.12
2022-07-19,"-15,78944444","-47,92583332",0.0,891.25,1499.08,19.65,54.62,6.52
2022-07-20,"-15,78944444","-47,92583332",0.0,889.69,1648.22,18.34,58.71,5.46
2022-07-21,"-15,78944444","-47,92583332",0.0,888.96,1664.08,19.47,53.62,6.03
2022-07-22,"-15,78944444","-47,92583332",0.0,888.98,1660.26,19.43,51.12,5.7
2022-07-23,"-15,78944444","-47,92583332",0.0,889.12,1659.5,18.65,52.79,4.54
2022-07-24,"-15,78944444","-47,92583332",0.0,889.32,1684.91,20.32,47.88,5.44
2022-07-25,"-15,78944444","-47,92583332",0.0,889.83,1687.37,20.03,52.17,5.41
2022-07-26,"-15,78944444","-47,92583332",0.0,890.17,1716.62,19.35,52.62,5.84
2022-07-27,"-15,78944444","-47,92583332",0.0,890.08,1711.42,18.71,51.21,6.04
2022-07-28,"-15,78944444","-47,92583332",0.0,888.41,1714.22,19.42,49.46,4.45
2022-07-29,"-15,78944444","-47,92583332",0.0,887.93,1668.48,19.61,43.75,3.88
2022-07-30,"-15,78944444","-47,92583332",0.0,887.63,1536.81,20.32,39.21,3.76
2022-07-31,"-15,78944444","-47,92583332",0.0,888.7,1643.42,21.02,43.0,4.0
2022-08-01,"-15,78944444","-47,92583332",0.0,888.35,1454.75,21.59,41.58,4.41
2022-08-02,"-15,78944444","-47,92583332",0.0,888.18,1575.43,22.39,42.33,5.8
2022-08-03,"-15,78944444","-47,92583332",0.0,888.3,1700.48,22.21,41.17,5.77
2022-08-04,"-15,78944444","-47,92583332",0.0,887.84,1709.91,21.59,40.75,5.11
2022-08-05,"-15,78944444","-47,92583332",0.0,887.54,1521.68,20.5,44.21,3.28
2022-08-06,"-15,78944444","-47,92583332",0.0,887.2,1699.21,22.06,35.88,3.78
2022-08-07,"-15,78944444","-47,92583332",0.0,887.28,1686.09,22.3,34.54,4.05
2022-08-08,"-15,78944444","-47,92583332",0.0,887.35,1420.35,23.58,36.92,4.13
2022-08-09,"-15,78944444","-47,92583332",0.0,888.64,1340.61,22.36,49.0,5.4
2022-08-10,"-15,78944444","-47,92583332",0.0,888.82,1273.17,20.98,55.92,6.5
2022-08-11,"-15,78944444","-47,92583332",0.0,888.59,1433.17,16.8,50.62,5.74
2022-08-12,"-15,78944444","-47,92583332",0.0,889.87,1701.94,19.35,41.33,4.45
2022-08-13,"-15,78944444","-47,92583332",0.0,890.83,1499.7,20.76,47.75,5.26
2022-08-14,"-15,78944444","-47,92583332",0.0,890.39,1661.45,21.32,48.88,6.38
2022-08-15,"-15,78944444","-47,92583332",0.0,888.41,1657.36,21.03,40.58,5.79
2022-08-16,"-15,78944444","-47,92583332",0.0,888.32,1036.66,21.52,40.62,3.84
2022-08-17,"-15,78944444","-47,92583332",0.0,887.38,1670.07,22.82,36.71,5.08
2022-08-18,"-15,78944444","-47,92583332",0.0,887.3,1691.86,23.14,34.0,4.98
2022-08-19,"-15,78944444","-47,92583332",0.0,889.81,1639.49,21.48,49.04,5.48
2022-08-20,"-15,78944444","-47,92583332",0.0,890.26,1692.48,20.23,52.04,8.07
2022-08-21,"-15,78944444","-47,92583332",0.0,891.36,1727.77,19.17,50.42,8.59
2022-08-22,"-15,78944444","-47,92583332",0.0,890.69,1741.96,19.2,49.5,7.65
2022-08-23,"-15,78944444","-47,92583332",0.0,890.48,1755.7,19.57,45.04,6.71
2022-08-24,"-15,78944444","-47,92583332",0.0,890.61,1644.92,20.4,42.54,5.48
2022-08-25,"-15,78944444","-47,92583332",0.0,890.23,1719.0,20.85,38.38,5.97
2022-08-26,"-15,78944444","-47,92583332",0.0,889.95,1601.75,21.21,40.71,5.95
2022-08-27,"-15,78944444","-47,92583332",0.0,888.75,1843.92,21.5,41.54,6.26
2022-08-28,"-15,78944444","-47,92583332",0.0,889.21,1749.99,21.85,40.79,5.48
2022-08-29,"-15,78944444","-47,92583332",0.0,888.96,1903.53,22.44,37.21,5.65
2022-08-30,"-15,78944444","-47,92583332",0.0,889.6,1816.7,21.85,39.25,6.61
2022-08-31,"-15,78944444","-47,92583332",0.0,890.25,1861.97,19.58,54.58,7.93
2022-09-01,"-15,78944444","-47,92583332",0.0,889.15,1959.61,18.84,45.54,7.65
2022-09-02,"-15,78944444","-47,92583332",0.0,889.1,1986.49,20.06,39.29,6.05
2022-09-03,"-15,78944444","-47,92583332",0.0,889.34,1988.75,21.68,34.58,4.93
2022-09-04,"-15,78944444","-47,92583332",0.0,888.86,1897.93,23.42,25.12,5.14
2022-09-05,"-15,78944444","-47,92583332",0.0,889.98,1960.35,23.89,26.42,6.41
2022-09-06,"-15,78944444","-47,92583332",0.0,891.42,1892.76,22.16,46.83,8.08
2022-09-07,"-15,78944444","-47,92583332",0.0,889.75,1548.43,21.09,50.58,7.21
2022-09-08,"-15,78944444","-47,92583332",0.0,888.45,1892.53,22.29,41.54,5.53
2022-09-09,"-15,78944444","-47,92583332",0.0,888.95,1972.28,22.73,37.71,5.12
2022-09-10,"-15,78944444","-47,92583332",0.0,889.35,2013.49,23.01,31.12,4.93
2022-09-11,"-15,78944444","-47,92583332",0.0,887.93,1949.75,25.0,25.67,5.23
2022-09-12,"-15,78944444","-47,92583332",0.0,886.59,1927.57,25.6,22.75,5.65
2022-09-13,"-15,78944444","-47,92583332",0.0,885.58,1870.55,26.47,21.21,5.24
2022-09-14,"-15,78944444","-47,92583332",0.0,886.55,1560.58,25.99,22.42,4.77
2022-09-15,"-15,78944444","-47,92583332",0.0,887.36,1660.89,24.13,42.29,5.12
2022-09-16,"-15,78944444","-47,92583332",0.0,887.15,1606.65,24.55,48.54,5.18
2022-09-17,"-15,78944444","-47,92583332",1.4,886.1,1591.87,23.54,56.54,6.33
2022-09-18,"-15,78944444","-47,92583332",5.0,886.18,1621.06,21.83,68.0,6.26
2022-09-19,"-15,78944444","-47,92583332",10.4,886.58,749.92,21.42,70.62,3.84
2022-09-20,"-15,78944444","-47,92583332",0.0,885.62,963.37,23.0,62.92,3.63
2022-09-21,"-15,78944444","-47,92583332",8.6,884.97,1408.26,22.93,68.17,4.73
2022-09-22,"-15,78944444","-47,92583332",15.0,885.55,583.38,21.07,75.83,6.91
2022-09-23,"-15,78944444","-47,92583332",0.0,886.92,865.59,20.22,80.42,3.72
2022-09-24,"-15,78944444","-47,92583332",0.0,887.11,1677.8,21.86,72.71,4.73
2022-09-25,"-15,78944444","-47,92583332",0.0,887.57,998.43,21.62,71.83,6.08
2022-09-26,"-15,78944444","-47,92583332",0.0,887.68,1915.35,22.65,64.83,6.04
2022-09-27,"-15,78944444","-47,92583332",0.0,888.05,1729.42,23.83,48.75,3.93
2022-09-28,"-15,78944444","-47,92583332",0.0,886.58,1705.41,23.42,58.79,4.9
2022-09-29,"-15,78944444","-47,92583332",0.0,886.61,1727.21,24.08,55.83,4.9
2022-09-30,"-15,78944444","-47,92583332",0.0,887.35,2095.2,24.76,53.21,6.45
2022-10-01,"-15,78944444","-47,92583332",0.0,888.36,1941.04,23.88,57.71,6.84
2022-10-02,"-15,78944444","-47,92583332",0.0,888.31,773.84,22.89,61.67,4.45
2022-10-03,"-15,78944444","-47,92583332",0.0,887.38,1184.41,22.86,58.46,4.64
2022-10-04,"-15,78944444","-47,92583332",0.0,885.88,958.4,23.43,57.67,3.63
2022-10-05,"-15,78944444","-47,92583332",0.0,886.32,1088.79,22.45,63.96,5.92
2022-10-06,"-15,78944444","-47,92583332",0.0,885.55,1462.21,23.86,55.21,5.93
2022-10-07,"-15,78944444","-47,92583332",0.0,886.22,789.97,22.19,62.38,5.87
2022-10-08,"-15,78944444","-47,92583332",0.0,885.37,1808.54,23.15,58.75,4.88
2022-10-09,"-15,78944444","-47,92583332",0.2,886.84,1764.69,22.89,62.62,6.1
2022-10-10,"-15,78944444","-47,92583332",0.0,888.1,1861.74,24.39,51.58,6.81
2022-10-11,"-15,78944444","-47,92583332",0.0,888.7,1919.65,26.09,33.54,7.39
2022-10-12,"-15,78944444","-47,92583332",0.0,887.36,1883.45,26.1,27.75,6.89
2022-10-13,"-15,78944444","-47,92583332",0.0,887.5,1919.31,24.72,29.21,7.76
2022-10-14,"-15,78944444","-47,92583332",0.0,888.34,1924.24,24.8,35.33,5.86
2022-10-15,"-15,78944444","-47,92583332",0.0,888.85,2014.24,24.85,34.29,7.63
2022-10-16,"-15,78944444","-47,92583332",0.0,887.17,2072.79,23.75,39.83,6.65
2022-10-17,"-15,78944444","-47,92583332",0.0,886.05,2048.26,25.05,32.67,6.99
2022-10-18,"-15,78944444","-47,92583332",0.0,886.82,1815.21,25.87,28.79,6.18
2022-10-19,"-15,78944444","-47,92583332",0.0,887.23,1683.38,26.3,31.96,5.66
2022-10-20,"-15,78944444","-47,92583332",0.0,885.47,1496.55,26.15,32.96,5.35
2022-10-21,"-15,78944444","-47,92583332",0.0,884.84,1185.81,24.12,46.58,5.42
2022-10-22,"-15,78944444","-47,92583332",0.0,885.51,1289.22,22.62,63.75,4.03
2022-10-23,"-15,78944444","-47,92583332",1.8,887.03,775.43,21.02,76.75,5.05
2022-10-24,"-15,78944444","-47,92583332",0.8,886.66,754.79,20.72,76.92,4.83
2022-10-25,"-15,78944444","-47,92583332",0.0,885.52,1901.12,23.5,59.38,5.03
2022-10-26,"-15,78944444","-47,92583332",1.6,885.03,1549.83,23.11,59.62,5.31
2022-10-27,"-15,78944444","-47,92583332",15.8,885.61,1614.98,22.38,65.08,5.48
2022-10-28,"-15,78944444","-47,92583332",1.2,885.94,1179.38,22.44,66.21,5.4
2022-10-29,"-15,78944444","-47,92583332",0.0,885.64,1146.61,22.48,65.96,6.06
2022-10-30,"-15,78944444","-47,92583332",0.0,884.1,1610.73,22.94,66.38,5.05
2022-10-31,"-15,78944444","-47,92583332",14.0,884.75,1023.29,23.1,69.25,4.08
2022-11-01,"-15,78944444","-47,92583332",40.2,886.04,1128.35,21.02,82.12,4.36
2022-11-02,"-15,78944444","-47,92583332",4.0,887.07,468.02,19.12,89.25,6.12
2022-11-03,"-15,78944444","-47,92583332",11.0,886.7,742.14,17.63,88.58,6.4
2022-11-04,"-15,78944444","-47,92583332",1.2,886.44,1024.34,17.31,82.12,7.4
2022-11-05,"-15,78944444","-47,92583332",0.0,886.21,1343.04,19.49,71.08,4.79
2022-11-06,"-15,78944444","-47,92583332",0.0,886.47,1601.86,21.28,63.83,5.6
2022-11-07,"-15,78944444","-47,92583332",0.0,886.46,1590.59,22.65,61.38,5.38
2022-11-08,"-15,78944444","-47,92583332",34.0,886.74,1131.73,20.67,74.25,5.89
2022-11-09,"-15,78944444","-47,92583332",0.0,887.13,1670.2,21.7,66.79,5.33
2022-11-10,"-15,78944444","-47,92583332",42.8,886.93,1230.46,21.45,75.92,5.0
2022-11-11,"-15,78944444","-47,92583332",22.4,886.54,1115.71,20.37,79.46,5.25
2022-11-12,"-15,78944444","-47,92583332",0.8,886.15,864.54,19.74,83.21,4.19
2022-11-13,"-15,78944444","-47,92583332",0.2,885.06,1830.55,21.83,74.54,4.67
2022-11-14,"-15,78944444","-47,92583332",14.8,885.68,793.76,21.86,75.12,4.35
2022-11-15,"-15,78944444","-47,92583332",113.0,887.14,978.86,19.76,87.71,5.07
2022-11-16,"-15,78944444","-47,92583332",15.6,886.82,1389.0,20.36,82.71,4.1
2022-11-17,"-15,78944444","-47,92583332",0.2,885.62,1826.39,21.91,73.88,4.25
2022-11-18,"-15,78944444","-47,92583332",1.4,884.9,1833.24,23.68,62.92,5.8
2022-11-19,"-15,78944444","-47,92583332",23.8,886.15,1754.91,20.73,71.25,6.49
2022-11-20,"-15,78944444","-47,92583332",4.6,886.46,1302.29,19.52,78.29,5.36
2022-11-21,"-15,78944444","-47,92583332",8.0,885.41,1557.39,20.28,77.33,4.95
2022-11-22,"-15,78944444","-47,92583332",0.2,885.3,1478.95,21.73,72.92,4.28
2022-11-23,"-15,78944444","-47,92583332",21.2,884.58,1137.01,20.62,80.54,4.2
2022-11-24,"-15,78944444","-47,92583332",5.0,883.57,1172.01,20.82,81.38,4.75
2022-11-25,"-15,78944444","-47,92583332",6.4,883.82,1199.89,20.19,81.42,5.51
2022-11-26,"-15,78944444","-47,92583332",39.2,884.32,1155.36,20.43,81.21,4.62
2022-11-27,"-15,78944444","-47,92583332",0.0,884.01,1308.91,21.66,76.17,5.3
2022-11-28,"-15,78944444","-47,92583332",0.0,881.41,1354.44,21.73,77.25,4.77
2022-11-29,"-15,78944444","-47,92583332",18.0,879.55,1540.96,20.21,78.21,6.22
2022-11-30,"-15,78944444","-47,92583332",0.4,879.98,1026.61,19.96,77.33,6.06
2022-12-01,"-15,78944444","-47,92583332",9.2,882.16,1480.92,20.58,77.79,4.79
2022-12-02,"-15,78944444","-47,92583332",2.0,883.65,1247.34,20.65,81.58,4.12
2022-12-03,"-15,78944444","-47,92583332",2.0,884.82,1281.12,20.89,80.17,5.41
2022-12-04,"-15,78944444","-47,92583332",22.6,884.38,1367.75,20.33,82.71,5.59
2022-12-05,"-15,78944444","-47,92583332",0.2,885.2,1251.76,21.09,78.62,5.82
2022-12-06,"-15,78944444","-47,92583332",37.8,888.05,883.99,20.5,80.88,3.9
2022-12-07,"-15,78944444","-47,92583332",1.2,887.06,1330.07,21.44,80.08,3.82
2022-12-08,"-15,78944444","-47,92583332",3.2,884.08,1226.76,22.49,77.04,3.77
2022-12-09,"-15,78944444","-47,92583332",42.0,883.63,1344.75,21.79,80.38,5.41
2022-12-10,"-15,78944444","-47,92583332",14.6,885.56,1635.89,20.27,79.88,7.42
2022-12-11,"-15,78944444","-47,92583332",0.0,886.18,1571.58,22.41,71.5,4.88
2022-12-12,"-15,78944444","-47,92583332",0.0,884.92,1625.2,22.64,67.29,5.77
2022-12-13,"-15,78944444","-47,92583332",0.0,884.21,1143.51,21.81,75.17,6.68
2022-12-14,"-15,78944444","-47,92583332",6.6,883.52,1177.97,21.22,81.92,4.72
2022-12-15,"-15,78944444","-47,92583332",13.8,884.18,773.76,19.95,89.0,5.56
2022-12-16,"-15,78944444","-47,92583332",17.6,882.8,682.81,19.85,86.5,5.15
2022-12-17,"-15,78944444","-47,92583332",10.4,882.1,801.29,19.63,88.04,6.39
2022-12-18,"-15,78944444","-47,92583332",15.8,883.84,1244.66,20.11,85.88,4.72
2022-12-19,"-15,78944444","-47,92583332",0.0,884.64,1437.41,21.19,80.88,5.96
2022-12-20,"-15,78944444","-47,92583332",1.4,884.54,930.09,19.98,84.0,8.19
2022-12-21,"-15,78944444","-47,92583332",8.8,883.88,682.96,19.42,87.33,6.69
2022-12-22,"-15,78944444","-47,92583332",0.0,883.28,1719.41,21.83,75.42,4.37
2022-12-23,"-15,78944444","-47,92583332",10.4,884.38,955.32,20.38,81.21,3.95
2022-12-24,"-15,78944444","-47,92583332",17.8,884.72,1598.91,21.26,78.75,5.43
2022-12-25,"-15,78944444","-47,92583332",20.4,884.66,1020.38,20.13,86.62,5.51
2022-12-26,"-15,78944444","-47,92583332",44.4,885.55,476.21,18.88,93.29,6.52
2022-12-27,"-15,78944444","-47,92583332",9.8,886.3,1153.57,20.24,82.17,6.28
2022-12-28,"-15,78944444","-47,92583332",0.0,886.5,1110.39,21.32,77.67,5.15
2022-12-29,"-15,78944444","-47,92583332",0.2,887.07,1593.21,21.96,75.71,5.52
2022-12-30,"-15,78944444","-47,92583332",0.0,886.97,685.02,20.9,79.75,4.08
2022-12-31,"-15,78944444","-47,92583332",11.0,887.4,833.54,20.14,86.29,3.14
2022-01-01,"-22,358052","-49,028877",0.2,937.15,897.24,22.83,83.88,1.84
2022-01-02,"-22,358052","-49,028877",6.0,939.05,1302.02,23.6,83.75,1.5
2022-01-03,"-22,358052","-49,028877",1.6,938.42,1530.72,25.3,78.33,3.77
2022-01-04,"-22,358052","-49,028877",21.8,936.32,793.74,22.6,93.83,3.22
2022-01-05,"-22,358052","-49,028877",10.8,935.88,778.26,23.22,90.67,2.92
2022-01-06,"-22,358052","-49,028877",4.4,936.71,700.11,22.5,90.88,1.35
2022-01-07,"-22,358052","-49,028877",3.2,939.02,1091.38,21.98,83.58,6.98
2022-01-08,"-22,358052","-49,028877",0.0,939.67,1244.54,21.68,77.5,6.16
2022-01-09,"-22,358052","-49,028877",0.0,940.63,1228.31,21.15,75.33,7.49
2022-01-10,"-22,358052","-49,028877",0.0,938.88,907.11,20.79,80.54,1.5
2022-01-11,"-22,358052","-49,028877",25.6,938.39,1019.04,21.79,83.83,1.02
2022-01-12,"-22,358052","-49,028877",12.0,940.34,1231.45,23.22,82.67,1.82
2022-01-13,"-22,358052","-49,028877",9.0,943.82,989.78,23.53,84.88,2.51
2022-01-14,"-22,358052","-49,028877",5.6,946.15,1714.49,25.3,73.88,4.09
2022-01-15,"-22,358052","-49,028877",1.8,945.66,1545.38,25.92,74.57,3.14
2022-01-16,"-22,358052","-49,028877",3.2,944.17,615.97,22.01,88.68,2.08
2022-01-17,"-22,358052","-49,028877",2.2,942.6,1209.55,23.47,84.68,1.06
2022-01-18,"-22,358052","-49,028877",1.8,943.16,1180.53,24.52,79.12,3.61
2022-01-19,"-22,358052","-49,028877",1.4,944.94,1615.78,25.41,74.06,1.52
2022-01-20,"-22,358052","-49,028877",1.0,944.3,1701.62,26.01,68.25,2.18
2022-01-21,"-22,358052","-49,028877",1.2,942.27,1188.87,25.92,70.54,2.78
2022-01-22,"-22,358052","-49,028877",0.8,941.67,2150.75,26.99,64.81,0.0
2022-01-23,"-22,358052","-49,028877",0.2,940.92,1884.32,27.21,60.12,0.0
2022-01-24,"-22,358052","-49,028877",0.0,940.31,2269.95,28.71,56.41,0.0
2022-01-25,"-22,358052","-49,028877",0.0,939.72,1315.68,25.88,74.5,2.35
2022-01-26,"-22,358052","-49,028877",0.0,939.59,1194.45,26.43,73.91,4.12
2022-01-27,"-22,358052","-49,028877",0.0,938.78,1119.61,26.8,70.28,4.72
2022-01-28,"-22,358052","-49,028877",7.0,937.85,744.83,23.45,86.5,3.65
2022-01-29,"-22,358052","-49,028877",5.6,937.78,290.73,21.3,95.64,4.4
2022-01-30,"-22,358052","-49,028877",1.6,939.04,98.06,19.78,98.61,3.63
2022-01-31,"-22,358052","-49,028877",5.4,939.15,803.43,23.48,88.15,6.43
2022-02-01,"-22,358052","-49,028877",3.6,940.89,454.6,21.77,95.76,3.78
2022-02-02,"-22,358052","-49,028877",2.0,942.58,184.61,21.38,97.47,2.56
2022-02-03,"-22,358052","-49,028877",3.2,941.72,1223.85,25.73,79.43,4.01
2022-02-04,"-22,358052","-49,028877",2.8,941.34,822.39,23.85,85.71,4.6
2022-02-05,"-22,358052","-49,028877",2.2,939.39,1109.33,25.14,85.35,5.42
2022-02-06,"-22,358052","-49,028877",1.8,939.74,761.99,24.42,85.38,5.02
2022-02-07,"-22,358052","-49,028877",1.8,940.08,953.06,24.34,82.83,5.49
2022-02-08,"-22,358052","-49,028877",1.6,940.06,1718.21,23.58,75.62,5.02
2022-02-09,"-22,358052","-49,028877",0.8,939.9,1893.84,24.67,64.55,6.39
2022-02-10,"-22,358052","-49,028877",0.8,939.92,1866.63,24.59,63.89,4.9
2022-02-11,"-22,358052","-49,028877",0.6,939.96,1725.4,25.44,68.12,5.54
2022-02-12,"-22,358052","-49,028877",0.8,940.26,1511.19,26.02,66.69,5.55
2022-02-13,"-22,358052","-49,028877",0.8,939.74,1730.27,25.95,65.53,4.49
2022-02-14,"-22,358052","-49,028877",0.6,939.38,1911.46,27.91,52.56,4.39
2022-02-15,"-22,358052","-49,028877",0.4,940.96,1640.72,28.02,64.53,5.41
2022-02-16,"-22,358052","-49,028877",0.4,942.21,1740.98,27.22,64.0,5.64
2022-02-17,"-22,358052","-49,028877",0.4,939.88,1760.82,26.66,66.92,4.78
2022-02-18,"-22,358052","-49,028877",0.2,937.54,1399.72,25.4,65.83,4.08
2022-02-19,"-22,358052","-49,028877",0.4,938.78,1778.18,26.75,61.5,5.11
2022-02-20,"-22,358052","-49,028877",0.2,942.05,1761.56,27.09,60.0,4.6
2022-02-21,"-22,358052","-49,028877",0.2,943.98,2281.11,29.02,58.62,5.11
2022-02-22,"-22,358052","-49,028877",0.0,942.44,1517.51,30.1,56.5,3.89
2022-02-23,"-22,358052","-49,028877",0.0,941.09,1955.54,30.49,55.33,3.98
2022-02-24,"-22,358052","-49,028877",0.0,942.6,2063.17,29.82,57.67,4.43
2022-02-25,"-22,358052","-49,028877",0.0,943.82,2213.62,30.5,58.3,4.53
2022-02-26,"-22,358052","-49,028877",0.0,943.48,1913.37,30.16,55.6,4.69
2022-02-27,"-22,358052","-49,028877",0.2,941.79,2121.48,29.41,56.67,5.78
2022-02-28,"-22,358052","-49,028877",0.0,940.91,2177.45,31.39,47.7,5.96
2022-03-01,"-22,358052","-49,028877",0.0,941.32,1888.75,30.02,56.88,4.65
2022-03-02,"-22,358052","-49,028877",0.0,941.92,1435.11,27.33,67.56,6.78
2022-03-03,"-22,358052","-49,028877",0.0,941.69,1860.4,29.2,61.7,4.09
2022-03-04,"-22,358052","-49,028877",0.0,942.18,1733.32,28.04,63.25,4.7
2022-03-05,"-22,358052","-49,028877",0.0,940.8,1679.53,28.54,60.82,4.08
2022-03-06,"-22,358052","-49,028877",0.0,941.19,1854.88,29.18,55.67,4.89
2022-03-07,"-22,358052","-49,028877",2.8,941.09,1542.42,27.91,65.86,4.32
2022-03-08,"-22,358052","-49,028877",0.0,941.27,1756.38,29.34,59.77,3.92
2022-03-09,"-22,358052","-49,028877",8.4,941.32,1482.87,27.05,69.81,6.62
2022-03-10,"-22,358052","-49,028877",3.4,940.38,1763.23,28.15,63.07,6.95
2022-03-11,"-22,358052","-49,028877",11.2,940.28,895.61,25.73,73.94,5.25
2022-03-12,"-22,358052","-49,028877",0.0,941.09,1036.44,25.31,76.47,3.85
2022-03-13,"-22,358052","-49,028877",0.0,941.78,769.88,24.23,85.38,2.36
2022-03-14,"-22,358052","-49,028877",3.6,940.24,883.49,23.93,87.0,3.69
2022-03-15,"-22,358052","-49,028877",0.0,940.31,878.29,25.42,80.25,3.72
2022-03-16,"-22,358052","-49,028877",2.6,940.81,1075.47,26.03,78.17,5.41
2022-03-17,"-22,358052","-49,028877",0.0,941.76,1769.03,27.92,68.42,6.19
2022-03-18,"-22,358052","-49,028877",0.0,942.85,2109.73,30.04,58.2,4.73
2022-03-19,"-22,358052","-49,028877",5.0,942.26,959.61,26.14,79.67,4.34
2022-03-20,"-22,358052","-49,028877",0.0,944.31,806.0,23.5,74.58,8.29
2022-03-21,"-22,358052","-49,028877",0.0,945.21,1899.66,24.95,59.0,9.33
2022-03-22,"-22,358052","-49,028877",0.0,944.85,2075.78,25.98,54.7,7.1
2022-03-23,"-22,358052","-49,028877",0.0,943.16,1697.09,26.96,57.0,6.15
2022-03-24,"-22,358052","-49,028877",0.0,941.47,1942.9,29.12,54.8,8.07
2022-03-25,"-22,358052","-49,028877",0.0,940.78,1026.47,25.62,76.64,4.21
2022-03-26,"-22,358052","-49,028877",0.0,940.76,1360.62,25.62,74.7,3.68
2022-03-27,"-22,358052","-49,028877",0.2,943.14,608.98,23.57,90.29,2.2
2022-03-28,"-22,358052","-49,028877",0.0,943.93,1586.6,26.64,70.64,4.76
2022-03-29,"-22,358052","-49,028877",0.0,942.54,1653.56,26.65,65.09,5.39
2022-03-30,"-22,358052","-49,028877",0.0,940.58,1490.17,27.58,67.5,3.92
2022-03-31,"-22,358052","-49,028877",0.0,941.54,1655.01,26.52,67.5,6.4
2022-04-01,"-22,358052","-49,028877",0.0,946.14,964.22,21.35,79.88,6.9
2022-04-02,"-22,358052","-49,028877",0.0,946.31,1654.47,24.58,68.8,6.72
2022-04-03,"-22,358052","-49,028877",0.0,944.15,1631.05,26.66,64.82,5.53
2022-04-04,"-22,358052","-49,028877",0.0,943.06,1682.5,28.71,62.3,5.88
2022-04-05,"-22,358052","-49,028877",0.0,943.11,1471.66,28.83,60.5,4.76
2022-04-06,"-22,358052","-49,028877",0.0,943.25,1788.68,26.96,62.27,5.5
2022-04-07,"-22,358052","-49,028877",0.0,942.17,1659.35,26.41,60.18,5.22
2022-04-08,"-22,358052","-49,028877",0.0,942.09,1380.7,26.72,66.7,5.38
2022-04-09,"-22,358052","-49,028877",0.0,941.7,1319.59,27.52,66.75,4.32
2022-04-10,"-22,358052","-49,028877",0.0,941.12,1588.58,27.55,61.5,4.99
2022-04-11,"-22,358052","-49,028877",0.0,940.04,1570.48,27.26,60.9,4.77
2022-04-12,"-22,358052","-49,028877",0.0,939.42,1272.01,26.72,70.33,5.82
2022-04-13,"-22,358052","-49,028877",6.2,940.46,411.54,21.35,92.62,3.42
2022-04-14,"-22,358052","-49,028877",0.0,940.28,1095.44,24.84,72.4,4.54
2022-04-15,"-22,358052","-49,028877",0.0,942.7,1639.03,22.23,54.7,6.19
2022-04-16,"-22,358052","-49,028877",0.0,944.77,1654.22,21.71,52.1,6.79
2022-04-17,"-22,358052","-49,028877",0.0,944.8,1664.88,22.61,52.67,6.01
2022-04-18,"-22,358052","-49,028877",0.0,944.66,1716.6,23.61,55.22,5.58
2022-04-19,"-22,358052","-49,028877",0.0,944.51,1654.63,25.42,55.56,4.56
2022-04-20,"-22,358052","-49,028877",0.0,944.7,1659.43,25.81,54.56,4.91
2022-04-21,"-22,358052","-49,028877",0.0,942.88,1624.13,25.58,54.44,4.43
2022-04-22,"-22,358052","-49,028877",0.0,939.22,1556.01,27.3,45.89,5.53
2022-04-23,"-22,358052","-49,028877",0.2,940.45,867.44,22.7,68.25,6.3
2022-04-24,"-22,358052","-49,028877",0.0,945.68,1684.59,26.22,58.25,4.28
2022-04-25,"-22,358052","-49,028877",0.0,944.81,1636.2,27.2,54.25,5.88
2022-04-26,"-22,358052","-49,028877",0.0,944.03,1339.27,28.38,59.44,4.27
2022-04-27,"-22,358052","-49,028877",2.6,943.19,1006.35,27.34,55.15,6.17
2022-04-28,"-22,358052","-49,028877",0.0,944.55,1047.19,24.75,62.75,3.88
2022-04-29,"-22,358052","-49,028877",0.0,945.35,1019.27,24.11,68.75,4.19
2022-04-30,"-22,358052","-49,028877",0.0,945.48,944.35,22.25,74.38,7.18
2022-05-01,"-22,358052","-49,028877",0.0,943.4,359.86,21.31,82.42,3.68
2022-05-02,"-22,358052","-49,028877",0.0,942.91,863.26,24.1,64.38,3.45
2022-05-03,"-22,358052","-49,028877",0.0,941.39,847.27,24.34,59.67,4.27
2022-05-04,"-22,358052","-49,028877",4.4,941.25,584.35,18.29,81.12,7.22
2022-05-05,"-22,358052","-49,028877",0.0,945.14,465.99,14.7,85.46,3.67
2022-05-06,"-22,358052","-49,028877",0.0,947.13,836.69,17.91,79.54,4.8
2022-05-07,"-22,358052","-49,028877",0.0,947.41,848.09,18.26,72.38,6.31
2022-05-08,"-22,358052","-49,028877",0.0,946.26,833.06,19.15,76.12,6.91
2022-05-09,"-22,358052","-49,028877",0.0,946.13,802.99,20.52,74.62,6.14
2022-05-10,"-22,358052","-49,028877",0.0,944.7,856.39,20.46,74.79,4.89
2022-05-11,"-22,358052","-49,028877",3.8,943.05,604.93,20.25,86.25,4.48
2022-05-12,"-22,358052","-49,028877",0.0,943.34,464.45,18.35,88.29,2.93
2022-05-13,"-22,358052","-49,028877",0.0,944.88,784.93,18.9,79.33,3.9
2022-05-14,"-22,358052","-49,028877",0.0,944.24,769.76,19.53,78.17,4.2
2022-05-15,"-22,358052","-49,028877",10.8,942.13,488.99,19.23,90.88,4.77
2022-05-16,"-22,358052","-49,028877",0.0,943.32,601.62,18.36,85.12,4.73
2022-05-17,"-22,358052","-49,028877",0.0,944.8,797.82,12.99,67.38,7.23
2022-05-18,"-22,358052","-49,028877",0.0,944.7,588.2,8.83,77.17,7.15
2022-05-19,"-22,358052","-49,028877",0.0,944.39,715.51,10.38,79.92,4.77
2022-05-20,"-22,358052","-49,028877",0.0,947.56,738.08,12.27,71.62,2.88
2022-05-21,"-22,358052","-49,028877",0.0,949.02,742.72,14.03,62.92,3.24
2022-05-22,"-22,358052","-49,028877",0.0,948.21,762.43,15.51,63.96,4.16
2022-05-23,"-22,358052","-49,028877",0.0,946.58,625.32,17.45,60.88,4.07
2022-05-24,"-22,358052","-49,028877",0.0,947.19,735.73,19.31,57.92,3.95
2022-05-25,"-22,358052","-49,028877",0.0,949.03,727.46,19.3,59.08,3.93
2022-05-26,"-22,358052","-49,028877",0.0,949.3,804.2,18.91,62.58,3.48
2022-05-27,"-22,358052","-49,028877",0.0,947.13,706.97,19.1,62.79,4.31
2022-05-28,"-22,358052","-49,028877",0.0,944.61,731.62,20.16,62.21,3.98
2022-05-29,"-22,358052","-49,028877",0.0,942.07,705.77,21.23,58.08,4.95
2022-05-30,"-22,358052","-49,028877",0.2,940.3,654.79,21.29,69.96,4.83
2022-05-31,"-22,358052","-49,028877",13.4,942.46,297.62,18.39,98.06,4.46
2022-06-01,"-22,358052","-49,028877",38.6,943.03,480.26,18.72,88.5,4.71
2022-06-02,"-22,358052","-49,028877",7.6,942.4,591.58,21.18,85.92,3.9
2022-06-03,"-22,358052","-49,028877",0.0,945.46,470.3,18.15,89.71,3.62
2022-06-04,"-22,358052","-49,028877",0.0,947.22,653.48,17.32,77.67,7.12
2022-06-05,"-22,358052","-49,028877",0.0,946.56,637.64,18.0,81.25,5.33
2022-06-06,"-22,358052","-49,028877",0.0,944.19,680.54,20.09,76.5,3.87
2022-06-07,"-22,358052","-49,028877",0.0,941.56,656.65,20.32,73.62,4.55
2022-06-08,"-22,358052","-49,028877",0.0,942.03,685.13,19.78,86.71,3.46
2022-06-09,"-22,358052","-49,028877",0.0,944.2,525.99,18.3,86.58,4.09
2022-06-10,"-22,358052","-49,028877",5.6,944.3,416.21,18.36,93.21,4.11
2022-06-11,"-22,358052","-49,028877",0.0,945.6,622.52,16.09,88.67,3.28
2022-06-12,"-22,358052","-49,028877",0.0,946.42,670.95,12.91,73.67,3.04
2022-06-13,"-22,358052","-49,028877",0.0,948.05,642.07,12.11,66.62,4.42
2022-06-14,"-22,358052","-49,028877",0.0,947.68,697.13,13.63,75.25,6.45
2022-06-15,"-22,358052","-49,028877",0.0,946.97,562.47,15.86,75.08,5.21
2022-06-16,"-22,358052","-49,028877",0.0,945.79,614.98,18.83,65.79,3.52
2022-06-17,"-22,358052","-49,028877",0.0,942.12,608.72,20.75,57.54,5.21
2022-06-18,"-22,358052","-49,028877",16.6,944.05,426.55,18.5,89.75,4.99
2022-06-19,"-22,358052","-49,028877",0.0,947.21,377.53,16.28,86.92,4.71
2022-06-20,"-22,358052","-49,028877",1.0,946.99,461.64,17.2,88.71,4.5
2022-06-21,"-22,358052","-49,028877",0.0,945.41,581.45,19.18,79.71,4.73
2022-06-22,"-22,358052","-49,028877",0.0,944.34,570.51,21.05,67.71,4.59
2022-06-23,"-22,358052","-49,028877",0.0,945.65,590.85,20.57,61.79,3.35
2022-06-24,"-22,358052","-49,028877",0.0,946.57,608.05,20.56,55.58,2.8
2022-06-25,"-22,358052","-49,028877",0.0,947.28,602.73,20.28,60.83,3.63
2022-06-26,"-22,358052","-49,028877",0.0,947.6,629.09,17.71,76.29,7.22
2022-06-27,"-22,358052","-49,028877",0.0,946.83,601.86,16.66,80.12,4.82
2022-06-28,"-22,358052","-49,028877",0.0,945.68,603.21,18.12,77.96,4.54
2022-06-29,"-22,358052","-49,028877",0.0,944.8,611.03,19.42,73.12,4.31
2022-06-30,"-22,358052","-49,028877",0.0,945.59,589.42,18.45,73.79,3.19
2022-07-01,"-22,358052","-49,028877",0.0,945.55,615.39,18.17,60.79,3.57
2022-07-02,"-22,358052","-49,028877",0.0,946.23,590.75,20.31,61.12,4.32
2022-07-03,"-22,358052","-49,028877",0.0,949.03,608.05,21.2,60.54,3.55
2022-07-04,"-22,358052","-49,028877",0.0,948.6,598.61,19.98,62.04,3.4
2022-07-05,"-22,358052","-49,028877",0.0,947.52,609.72,19.54,56.92,3.81
2022-07-06,"-22,358052","-49,028877",0.0,946.31,541.71,18.97,59.54,3.03
2022-07-07,"-22,358052","-49,028877",0.0,946.15,629.63,20.43,55.67,3.98
2022-07-08,"-22,358052","-49,028877",0.0,948.83,665.75,20.7,53.5,3.62
2022-07-09,"-22,358052","-49,028877",0.0,949.07,646.9,19.84,60.0,5.16
2022-07-10,"-22,358052","-49,028877",0.0,946.72,653.47,19.15,62.71,4.73
2022-07-11,"-22,358052","-49,028877",0.0,943.51,681.52,20.4,55.21,5.62
2022-07-12,"-22,358052","-49,028877",0.0,943.45,562.28,19.98,60.75,4.75
2022-07-13,"-22,358052","-49,028877",1.0,945.91,553.53,19.08,81.75,5.11
2022-07-14,"-22,358052","-49,028877",0.0,945.64,722.1,19.66,69.88,6.36
2022-07-15,"-22,358052","-49,028877",0.0,943.41,733.64,21.64,53.88,5.08
2022-07-16,"-22,358052","-49,028877",0.0,942.42,750.09,21.85,53.17,4.78
2022-07-17,"-22,358052","-49,028877",0.0,944.93,772.25,23.02,56.08,3.72
2022-07-18,"-22,358052","-49,028877",0.0,948.0,672.44,21.11,70.71,5.03
2022-07-19,"-22,358052","-49,028877",0.0,949.1,674.24,20.71,69.79,5.82
2022-07-20,"-22,358052","-49,028877",0.0,947.27,786.02,20.72,68.04,5.91
2022-07-21,"-22,358052","-49,028877",0.0,945.95,768.13,20.14,71.29,4.87
2022-07-22,"-22,358052","-49,028877",0.0,945.52,831.84,20.9,59.0,3.58
2022-07-23,"-22,358052","-49,028877",0.0,945.4,800.87,21.26,48.21,3.27
2022-07-24,"-22,358052","-49,028877",0.0,946.07,767.16,20.96,50.54,3.51
2022-07-25,"-22,358052","-49,028877",0.0,946.85,783.83,20.95,53.71,3.5
2022-07-26,"-22,358052","-49,028877",0.0,946.94,789.9,21.2,54.71,3.35
2022-07-27,"-22,358052","-49,028877",0.0,946.47,796.47,19.92,67.17,4.44
2022-07-28,"-22,358052","-49,028877",0.0,942.89,775.47,21.69,51.75,3.88
2022-07-29,"-22,358052","-49,028877",0.0,941.01,608.98,19.95,58.29,4.29
2022-07-30,"-22,358052","-49,028877",0.0,944.05,872.75,15.84,59.88,4.25
2022-07-31,"-22,358052","-49,028877",0.0,945.64,855.47,16.43,66.12,4.37
2022-08-01,"-22,358052","-49,028877",0.0,944.84,669.93,20.09,52.17,3.58
2022-08-02,"-22,358052","-49,028877",0.0,944.78,880.27,22.02,49.5,4.18
2022-08-03,"-22,358052","-49,028877",0.0,944.21,895.46,22.59,45.42,4.52
2022-08-04,"-22,358052","-49,028877",0.0,942.05,812.01,23.05,47.38,5.15
2022-08-05,"-22,358052","-49,028877",0.0,941.26,897.25,23.61,49.08,4.38
2022-08-06,"-22,358052","-49,028877",0.0,943.0,792.33,20.41,66.79,6.25
2022-08-07,"-22,358052","-49,028877",0.0,942.33,512.47,18.42,77.08,6.27
2022-08-08,"-22,358052","-49,028877",4.8,944.38,474.75,18.08,88.58,4.23
2022-08-09,"-22,358052","-49,028877",5.0,945.28,355.76,18.22,97.33,3.03
2022-08-10,"-22,358052","-49,028877",12.0,944.66,899.76,14.1,81.83,8.96
2022-08-11,"-22,358052","-49,028877",0.0,947.9,1033.94,13.31,77.29,5.5
2022-08-12,"-22,358052","-49,028877",0.0,948.66,985.86,15.96,73.21,5.82
2022-08-13,"-22,358052","-49,028877",0.0,947.87,1000.14,18.6,64.67,5.28
2022-08-14,"-22,358052","-49,028877",0.0,946.06,1011.42,21.2,51.04,4.36
2022-08-15,"-22,358052","-49,028877",0.0,942.65,1057.5,22.53,45.67,5.36
2022-08-16,"-22,358052","-49,028877",0.0,940.73,1041.73,23.38,46.25,6.03
2022-08-17,"-22,358052","-49,028877",2.2,942.4,255.69,18.27,87.67,4.68
2022-08-18,"-22,358052","-49,028877",0.0,940.51,215.69,17.31,88.46,5.39
2022-08-19,"-22,358052","-49,028877",1.4,949.72,783.92,14.1,86.5,7.22
2022-08-20,"-22,358052","-49,028877",0.0,951.52,887.41,13.34,68.38,10.62
2022-08-21,"-22,358052","-49,028877",1.6,951.01,615.78,15.0,80.33,6.95
2022-08-22,"-22,358052","-49,028877",0.4,949.16,1286.03,17.33,75.79,5.29
2022-08-23,"-22,358052","-49,028877",0.0,948.87,1318.74,17.85,69.88,5.48
2022-08-24,"-22,358052","-49,028877",0.0,948.19,1309.4,19.17,66.46,5.31
2022-08-25,"-22,358052","-49,028877",0.0,947.03,1023.96,20.58,62.46,4.66
2022-08-26,"-22,358052","-49,028877",0.0,946.42,1219.29,22.64,51.62,3.89
2022-08-27,"-22,358052","-49,028877",0.0,944.39,1314.62,23.38,41.0,4.53
2022-08-28,"-22,358052","-49,028877",0.0,944.51,1353.47,24.84,36.25,4.1
2022-08-29,"-22,358052","-49,028877",0.0,948.91,1339.04,17.2,66.79,11.09
2022-08-30,"-22,358052","-49,028877",0.0,950.19,1119.97,15.2,61.12,10.5
2022-08-31,"-22,358052","-49,028877",0.0,948.45,1462.74,17.63,59.96,7.89
2022-09-01,"-22,358052","-49,028877",0.0,945.48,1489.46,19.2,57.0,6.06
2022-09-02,"-22,358052","-49,028877",0.0,944.1,1457.61,22.79,39.96,5.18
2022-09-03,"-22,358052","-49,028877",0.0,943.52,1159.38,23.84,45.67,4.96
2022-09-04,"-22,358052","-49,028877",0.0,947.12,1156.17,16.8,70.12,9.06
2022-09-05,"-22,358052","-49,028877",0.0,948.61,820.49,17.0,69.08,8.02
2022-09-06,"-22,358052","-49,028877",1.4,948.99,1156.15,17.71,76.67,8.58
2022-09-07,"-22,358052","-49,028877",1.4,945.49,916.02,18.3,79.75,7.93
2022-09-08,"-22,358052","-49,028877",0.0,942.41,1265.67,22.97,56.71,5.66
2022-09-09,"-22,358052","-49,028877",0.0,942.62,1406.46,26.79,41.21,5.26
2022-09-10,"-22,358052","-49,028877",0.0,942.85,1363.92,26.92,41.17,4.45
2022-09-11,"-22,358052","-49,028877",0.0,943.98,1234.53,21.01,63.75,6.58
2022-09-12,"-22,358052","-49,028877",0.0,942.42,790.05,18.76,72.29,5.91
2022-09-13,"-22,358052","-49,028877",0.2,940.23,846.47,21.3,71.96,4.96
2022-09-14,"-22,358052","-49,028877",11.8,943.23,341.31,19.05,91.0,5.18
2022-09-15,"-22,358052","-49,028877",6.8,945.81,426.62,16.68,94.04,3.8
2022-09-16,"-22,358052","-49,028877",0.0,946.25,1511.93,18.03,74.75,7.16
2022-09-17,"-22,358052","-49,028877",0.0,946.52,1776.18,17.09,62.58,9.01
2022-09-18,"-22,358052","-49,028877",0.0,944.0,1754.33,18.28,55.88,8.05
2022-09-19,"-22,358052","-49,028877",0.0,941.1,1647.33,20.92,59.83,7.64
2022-09-20,"-22,358052","-49,028877",0.2,939.97,1029.77,21.16,74.54,5.56
2022-09-21,"-22,358052","-49,028877",12.0,939.58,456.65,19.41,91.25,4.98
2022-09-22,"-22,358052","-49,028877",8.0,939.21,222.66,18.71,99.14,4.29
2022-09-23,"-22,358052","-49,028877",0.0,943.02,1873.83,16.7,68.55,6.21
2022-09-24,"-22,358052","-49,028877",0.0,944.82,1839.91,17.42,49.96,5.79
2022-09-25,"-22,358052","-49,028877",0.0,943.51,1593.67,19.32,61.67,6.58
2022-09-26,"-22,358052","-49,028877",6.4,944.25,354.38,16.93,91.04,7.2
2022-09-27,"-22,358052","-49,028877",2.6,944.06,719.98,18.91,84.09,4.56
2022-09-28,"-22,358052","-49,028877",19.0,945.24,241.18,17.17,99.67,6.36
2022-09-29,"-22,358052","-49,028877",0.4,945.67,1173.78,17.14,80.29,9.24
2022-09-30,"-22,358052","-49,028877",1.8,946.03,358.18,16.03,87.04,7.49
2022-10-01,"-22,358052","-49,028877",0.4,944.87,1529.62,20.27,66.93,4.55
2022-10-02,"-22,358052","-49,028877",0.0,944.22,1485.45,21.77,73.68,5.11
2022-10-03,"-22,358052","-49,028877",0.0,942.6,1014.62,19.22,79.12,5.91
2022-10-04,"-22,358052","-49,028877",0.0,940.67,1500.22,21.45,76.42,5.43
2022-10-05,"-22,358052","-49,028877",0.0,941.2,1768.87,23.0,67.33,5.13
2022-10-06,"-22,358052","-49,028877",6.0,939.27,1604.39,24.42,62.22,7.59
2022-10-07,"-22,358052","-49,028877",20.0,939.81,1321.28,21.31,62.42,6.95
2022-10-08,"-22,358052","-49,028877",0.0,941.04,1714.24,20.5,63.29,3.44
2022-10-09,"-22,358052","-49,028877",0.0,942.1,858.9,22.47,54.92,2.67
2022-10-10,"-22,358052","-49,028877",0.0,945.71,904.51,21.94,81.58,5.78
2022-10-11,"-22,358052","-49,028877",0.0,944.9,1063.78,23.22,77.62,5.12
2022-10-12,"-22,358052","-49,028877",6.8,944.38,577.9,20.8,89.59,4.56
2022-10-13,"-22,358052","-49,028877",0.2,944.18,1156.79,22.86,72.75,4.25
2022-10-14,"-22,358052","-49,028877",0.0,945.26,1657.56,24.45,61.42,6.57
2022-10-15,"-22,358052","-49,028877",0.2,947.6,1385.74,22.28,67.25,10.2
2022-10-16,"-22,358052","-49,028877",0.0,943.9,1478.7,23.48,66.67,7.01
2022-10-17,"-22,358052","-49,028877",0.0,942.0,1409.04,24.34,64.62,4.77
2022-10-18,"-22,358052","-49,028877",0.6,944.65,471.23,20.06,83.83,7.48
2022-10-19,"-22,358052","-49,028877",4.2,944.22,1010.93,21.28,80.79,5.43
2022-10-20,"-22,358052","-49,028877",0.0,940.22,1274.48,23.12,76.58,4.56
2022-10-21,"-22,358052","-49,028877",20.4,938.94,751.35,22.04,80.82,7.1
2022-10-22,"-22,358052","-49,028877",0.0,940.5,1733.75,23.81,64.1,4.9
2022-10-23,"-22,358052","-49,028877",0.0,943.12,1894.09,22.95,62.08,6.21
2022-10-24,"-22,358052","-49,028877",0.0,942.5,1853.81,23.5,61.25,4.85
2022-10-25,"-22,358052","-49,028877",0.0,942.43,1868.64,23.22,57.38,6.51
2022-10-26,"-22,358052","-49,028877",0.0,940.75,1842.42,23.23,59.04,5.6
2022-10-27,"-22,358052","-49,028877",0.0,939.79,1594.01,26.2,50.92,5.85
2022-10-28,"-22,358052","-49,028877",0.0,940.89,1399.29,25.28,60.0,3.73
2022-10-29,"-22,358052","-49,028877",6.4,939.64,1502.02,25.62,64.46,5.74
2022-10-30,"-22,358052","-49,028877",3.0,937.56,1529.06,23.62,62.31,5.75
2022-10-31,"-22,358052","-49,028877",12.0,937.59,475.21,21.87,87.32,4.28
2022-11-01,"-22,358052","-49,028877",0.0,943.72,833.3,19.9,76.0,6.72
2022-11-02,"-22,358052","-49,028877",0.2,948.1,978.66,16.37,71.25,9.89
2022-11-03,"-22,358052","-49,028877",0.0,948.21,1388.29,16.55,66.29,9.27
2022-11-04,"-22,358052","-49,028877",0.0,946.34,1968.79,17.12,63.5,6.97
2022-11-05,"-22,358052","-49,028877",0.0,945.03,1881.16,18.31,60.79,6.54
2022-11-06,"-22,358052","-49,028877",0.0,944.93,1378.26,18.97,58.83,8.26
2022-11-07,"-22,358052","-49,028877",0.0,944.37,1985.65,19.75,53.79,6.82
2022-11-08,"-22,358052","-49,028877",0.0,943.56,1929.24,20.18,51.0,6.38
2022-11-09,"-22,358052","-49,028877",0.0,942.0,1798.64,22.4,48.83,4.87
2022-11-10,"-22,358052","-49,028877",0.0,941.48,1897.94,24.25,48.29,5.43
2022-11-11,"-22,358052","-49,028877",0.0,941.15,786.61,22.35,65.5,6.0
2022-11-12,"-22,358052","-49,028877",0.0,940.8,1570.36,23.51,65.11,4.33
2022-11-13,"-22,358052","-49,028877",0.0,939.09,1460.94,24.82,64.12,5.74
2022-11-14,"-22,358052","-49,028877",12.4,938.85,1508.0,23.66,60.08,6.03
2022-11-15,"-22,358052","-49,028877",0.0,941.81,1845.79,24.44,62.54,5.68
2022-11-16,"-22,358052","-49,028877",0.0,942.35,1955.36,23.47,51.46,4.95
2022-11-17,"-22,358052","-49,028877",0.0,943.15,1996.0,23.58,42.75,7.7
2022-11-18,"-22,358052","-49,028877",0.0,942.06,1928.92,23.0,54.92,7.73
2022-11-19,"-22,358052","-49,028877",0.6,942.01,1824.96,22.88,58.04,7.68
2022-11-20,"-22,358052","-49,028877",0.0,941.8,1923.11,23.91,62.38,5.99
2022-11-21,"-22,358052","-49,028877",2.4,940.69,1668.99,24.98,65.71,6.16
2022-11-22,"-22,358052","-49,028877",0.6,940.7,993.56,23.93,72.12,5.65
2022-11-23,"-22,358052","-49,028877",0.0,939.98,1327.34,24.36,69.42,4.15
2022-11-24,"-22,358052","-49,028877",0.8,939.01,1470.62,22.55,74.91,5.86
2022-11-25,"-22,358052","-49,028877",0.0,940.86,1952.29,22.15,68.67,7.1
2022-11-26,"-22,358052","-49,028877",0.0,940.88,1903.96,21.76,63.75,5.83
2022-11-27,"-22,358052","-49,028877",11.8,939.53,1496.24,22.7,69.09,5.48
2022-11-28,"-22,358052","-49,028877",0.4,936.49,1488.12,22.06,75.63,5.81
2022-11-29,"-22,358052","-49,028877",0.2,933.43,1697.36,22.35,72.4,5.42
2022-11-30,"-22,358052","-49,028877",14.0,933.35,1344.57,21.94,65.83,4.71
2022-12-01,"-22,358052","-49,028877",4.8,935.87,1432.63,23.52,68.73,5.91
2022-12-02,"-22,358052","-49,028877",63.2,939.23,994.48,23.07,79.57,4.95
2022-12-03,"-22,358052","-49,028877",3.2,940.0,733.7,22.88,81.9,3.85
2022-12-04,"-22,358052","-49,028877",19.2,939.33,1014.12,22.65,76.6,5.38
2022-12-05,"-22,358052","-49,028877",6.0,940.19,605.91,22.15,92.83,3.09
2022-12-06,"-22,358052","-49,028877",36.6,942.17,714.42,22.25,90.75,5.14
2022-12-07,"-22,358052","-49,028877",1.2,941.08,1180.73,24.05,74.18,4.65
2022-12-08,"-22,358052","-49,028877",0.0,938.72,1883.12,25.36,65.95,4.55
2022-12-09,"-22,358052","-49,028877",0.0,937.9,1703.08,26.78,63.83,2.75
2022-12-10,"-22,358052","-49,028877",0.0,938.9,1860.35,27.04,61.0,5.45
2022-12-11,"-22,358052","-49,028877",2.6,939.14,1195.84,25.77,70.61,4.72
2022-12-12,"-22,358052","-49,028877",13.0,937.49,598.01,22.97,89.67,3.92
2022-12-13,"-22,358052","-49,028877",23.4,935.88,594.06,22.68,88.33,5.08
2022-12-14,"-22,358052","-49,028877",0.4,939.25,1171.14,21.69,72.26,7.68
2022-12-15,"-22,358052","-49,028877",0.0,939.61,1789.41,22.35,67.54,5.99
2022-12-16,"-22,358052","-49,028877",0.0,936.82,1557.11,24.04,64.29,4.9
2022-12-17,"-22,358052","-49,028877",0.0,936.74,2004.21,24.18,60.96,5.82
2022-12-18,"-22,358052","-49,028877",0.4,939.27,1540.57,23.65,68.42,7.17
2022-12-19,"-22,358052","-49,028877",1.4,940.83,671.04,21.43,82.58,5.41
2022-12-20,"-22,358052","-49,028877",1.4,938.81,1338.58,22.92,71.6,5.37
2022-12-21,"-22,358052","-49,028877",0.0,939.95,1500.26,21.26,72.58,7.34
2022-12-22,"-22,358052","-49,028877",0.0,940.79,1921.02,21.56,66.75,8.19
2022-12-23,"-22,358052","-49,028877",53.0,940.82,1782.43,22.2,65.09,7.61
2022-12-24,"-22,358052","-49,028877",44.2,940.98,1511.2,22.28,75.89,6.85
2022-12-25,"-22,358052","-49,028877",2.6,941.28,1362.35,22.62,81.14,6.45
2022-12-26,"-22,358052","-49,028877",0.6,940.76,737.53,22.32,86.62,5.91
2022-12-27,"-22,358052","-49,028877",3.0,940.32,996.41,23.28,76.5,3.99
2022-12-28,"-22,358052","-49,028877",11.4,939.42,774.44,23.92,77.6,4.84
2022-12-29,"-22,358052","-49,028877",23.8,941.27,1042.68,22.78,72.91,6.32
2022-12-30,"-22,358052","-49,028877",0.0,942.19,1096.95,23.82,75.07,4.55
2022-12-31,"-22,358052","-49,028877",0.0,942.99,1059.69,23.18,76.21,4.16
2022-01-01,"-27,60253","-48,620096",0.0,1006.87,2075.06,25.14,73.75,3.72
2022-01-02,"-27,60253","-48,620096",0.0,1008.6,1882.81,26.54,73.58,6.09
2022-01-03,"-27,60253","-48,620096",0.0,1009.02,1988.27,27.61,72.96,5.33
2022-01-04,"-27,60253","-48,620096",4.2,1006.85,603.82,25.86,80.88,2.72
2022-01-05,"-27,60253","-48,620096",3.6,1003.66,1133.87,25.35,82.96,5.23
2022-01-06,"-27,60253","-48,620096",2.0,1010.28,980.25,23.68,78.08,9.55
2022-01-07,"-27,60253","-48,620096",0.2,1014.57,1204.06,22.29,71.62,5.99
2022-01-08,"-27,60253","-48,620096",0.2,1015.85,1367.73,22.5,69.96,5.14
2022-01-09,"-27,60253","-48,620096",0.0,1016.81,908.17,21.97,73.88,5.13
2022-01-10,"-27,60253","-48,620096",0.0,1013.67,982.37,22.84,80.75,5.54
2022-01-11,"-27,60253","-48,620096",1.0,1011.05,1795.31,23.98,79.92,3.99
2022-01-12,"-27,60253","-48,620096",0.0,1012.28,1562.88,25.05,73.29,3.53
2022-01-13,"-27,60253","-48,620096",0.0,1015.86,1430.71,24.78,73.79,4.68
2022-01-14,"-27,60253","-48,620096",0.0,1017.91,998.46,26.18,70.58,5.52
2022-01-15,"-27,60253","-48,620096",0.0,1015.35,1285.67,27.25,72.0,6.28
2022-01-16,"-27,60253","-48,620096",0.0,1010.63,1798.96,27.3,72.12,6.73
2022-01-17,"-27,60253","-48,620096",0.0,1009.78,1582.93,28.36,68.46,6.66
2022-01-18,"-27,60253","-48,620096",0.0,1012.49,1848.91,28.55,66.62,4.5
2022-01-19,"-27,60253","-48,620096",0.0,1015.33,2049.16,28.64,73.75,4.59
2022-01-20,"-27,60253","-48,620096",0.0,1014.39,2071.24,28.76,70.96,6.14
2022-01-21,"-27,60253","-48,620096",0.0,1013.59,2080.98,28.44,71.75,6.52
2022-01-22,"-27,60253","-48,620096",0.0,1012.6,2158.86,27.98,67.83,7.51
2022-01-23,"-27,60253","-48,620096",0.0,1011.9,1895.1,27.4,68.33,7.22
2022-01-24,"-27,60253","-48,620096",0.0,1011.69,2043.2,28.24,67.42,7.45
2022-01-25,"-27,60253","-48,620096",0.0,1011.45,2003.25,27.9,70.04,6.42
2022-01-26,"-27,60253","-48,620096",0.0,1008.35,2021.58,28.4,71.0,8.1
2022-01-27,"-27,60253","-48,620096",2.4,1007.26,733.18,26.24,80.83,7.65
2022-01-28,"-27,60253","-48,620096",13.4,1012.5,487.35,21.19,83.5,7.5
2022-01-29,"-27,60253","-48,620096",0.8,1011.96,824.64,21.16,81.17,6.39
2022-01-30,"-27,60253","-48,620096",0.0,1012.36,1225.79,22.96,73.83,5.58
2022-01-31,"-27,60253","-48,620096",0.2,1008.86,1762.59,24.79,72.58,3.38
2022-02-01,"-27,60253","-48,620096",1.4,1010.89,1776.89,24.67,78.5,4.18
2022-02-02,"-27,60253","-48,620096",10.4,1013.94,2017.22,26.29,75.58,4.94
2022-02-03,"-27,60253","-48,620096",0.2,1013.31,2034.84,26.86,73.46,7.25
2022-02-04,"-27,60253","-48,620096",1.4,1010.07,496.55,26.05,79.25,7.2
2022-02-05,"-27,60253","-48,620096",6.2,1005.41,1486.89,27.82,75.67,4.88
2022-02-06,"-27,60253","-48,620096",4.2,1008.2,1616.31,26.26,77.79,5.52
2022-02-07,"-27,60253","-48,620096",0.0,1012.65,1892.26,24.61,64.42,6.57
2022-02-08,"-27,60253","-48,620096",0.0,1013.36,1873.96,23.57,63.96,5.38
2022-02-09,"-27,60253","-48,620096",0.0,1013.87,2167.87,23.86,68.58,4.97
2022-02-10,"-27,60253","-48,620096",24.4,1013.49,1930.12,24.52,71.54,4.88
2022-02-11,"-27,60253","-48,620096",0.4,1013.71,1891.52,25.46,68.96,4.83
2022-02-12,"-27,60253","-48,620096",0.4,1013.75,2096.85,25.91,68.08,4.65
2022-02-13,"-27,60253","-48,620096",0.0,1010.93,1968.47,26.02,62.21,5.83
2022-02-14,"-27,60253","-48,620096",6.2,1010.4,1042.49,23.74,79.75,5.65
2022-02-15,"-27,60253","-48,620096",0.0,1013.98,2198.03,24.64,62.46,4.08
2022-02-16,"-27,60253","-48,620096",0.0,1015.17,2193.17,24.47,61.88,4.38
2022-02-17,"-27,60253","-48,620096",4.0,1012.65,909.05,24.42,70.83,4.28
2022-02-18,"-27,60253","-48,620096",1.4,1011.31,1135.43,22.18,77.33,3.62
2022-02-19,"-27,60253","-48,620096",0.0,1010.21,2153.35,23.36,69.0,4.17
2022-02-20,"-27,60253","-48,620096",0.0,1010.39,1960.29,25.98,72.25,5.7
2022-02-21,"-27,60253","-48,620096",3.8,1012.45,1465.1,27.3,76.12,5.55
2022-02-22,"-27,60253","-48,620096",5.2,1013.3,1690.02,25.98,76.46,3.79
2022-02-23,"-27,60253","-48,620096",1.0,1013.28,1154.0,24.87,79.75,4.7
2022-02-24,"-27,60253","-48,620096",0.0,1014.45,1243.11,24.94,72.75,3.73
2022-02-25,"-27,60253","-48,620096",0.4,1015.77,603.41,26.4,74.83,4.81
2022-02-26,"-27,60253","-48,620096",0.0,1015.42,1830.39,27.99,72.92,6.06
2022-02-27,"-27,60253","-48,620096",0.0,1013.73,2053.79,27.37,71.92,5.59
2022-02-28,"-27,60253","-48,620096",0.0,1010.0,1553.55,28.15,70.71,6.18
2022-03-01,"-27,60253","-48,620096",44.4,1011.01,1389.73,25.8,81.08,5.62
2022-03-02,"-27,60253","-48,620096",16.8,1011.79,1083.15,25.63,78.83,3.9
2022-03-03,"-27,60253","-48,620096",16.4,1012.45,744.04,24.58,85.17,2.92
2022-03-04,"-27,60253","-48,620096",0.0,1013.23,1467.03,26.31,77.29,3.99
2022-03-05,"-27,60253","-48,620096",0.0,1011.38,1814.62,27.28,76.75,5.76
2022-03-06,"-27,60253","-48,620096",0.0,1009.65,1868.98,28.82,74.33,6.03
2022-03-07,"-27,60253","-48,620096",14.8,1009.78,1531.31,26.67,78.38,5.4
2022-03-08,"-27,60253","-48,620096",51.2,1012.62,1305.25,25.95,80.12,6.86
2022-03-09,"-27,60253","-48,620096",0.0,1014.12,736.53,26.42,76.75,3.28
2022-03-10,"-27,60253","-48,620096",0.0,1010.98,1773.99,27.25,76.42,4.95
2022-03-11,"-27,60253","-48,620096",39.0,1009.28,1127.19,24.99,82.67,5.45
2022-03-12,"-27,60253","-48,620096",10.8,1014.4,352.78,21.99,80.25,9.14
2022-03-13,"-27,60253","-48,620096",4.4,1015.65,364.49,21.08,84.96,4.4
2022-03-14,"-27,60253","-48,620096",0.6,1012.5,709.04,22.56,83.88,5.37
2022-03-15,"-27,60253","-48,620096",0.0,1013.67,1118.73,23.98,78.71,4.25
2022-03-16,"-27,60253","-48,620096",11.8,1015.56,508.97,22.9,78.96,4.8
2022-03-17,"-27,60253","-48,620096",0.2,1011.35,1834.08,23.94,75.04,3.37
2022-03-18,"-27,60253","-48,620096",0.0,1011.11,1558.66,26.65,78.12,5.15
2022-03-19,"-27,60253","-48,620096",6.6,1013.42,995.33,24.27,81.0,6.19
2022-03-20,"-27,60253","-48,620096",1.0,1019.41,1791.03,22.77,70.12,7.18
2022-03-21,"-27,60253","-48,620096",9.8,1023.19,519.82,20.07,84.12,7.41
2022-03-22,"-27,60253","-48,620096",2.8,1020.92,1432.6,21.44,79.04,5.35
2022-03-23,"-27,60253","-48,620096",3.2,1016.1,583.38,22.76,79.83,5.18
2022-03-24,"-27,60253","-48,620096",5.2,1009.77,254.0,23.88,78.96,6.72
2022-03-25,"-27,60253","-48,620096",0.0,1007.6,844.56,22.77,77.21,2.4
2022-03-26,"-27,60253","-48,620096",0.2,1008.59,1758.84,24.38,68.42,3.94
2022-03-27,"-27,60253","-48,620096",0.0,1013.5,1638.48,23.13,73.17,3.38
2022-03-28,"-27,60253","-48,620096",0.0,1017.51,1565.98,24.08,72.58,3.4
2022-03-29,"-27,60253","-48,620096",0.0,1015.3,1702.88,24.17,70.75,5.17
2022-03-30,"-27,60253","-48,620096",1.2,1009.67,911.19,24.71,76.58,6.21
2022-03-31,"-27,60253","-48,620096",2.4,1017.46,599.7,19.5,62.67,9.21
2022-04-01,"-27,60253","-48,620096",0.4,1023.08,549.26,18.34,66.75,5.33
2022-04-02,"-27,60253","-48,620096",1.8,1023.4,668.78,19.31,83.17,3.63
2022-04-03,"-27,60253","-48,620096",1.8,1019.73,701.76,21.45,85.17,2.59
2022-04-04,"-27,60253","-48,620096",1.8,1014.15,488.76,23.56,85.62,3.81
2022-04-05,"-27,60253","-48,620096",0.2,1015.97,1237.55,22.4,81.54,4.32
2022-04-06,"-27,60253","-48,620096",0.0,1016.88,937.42,22.7,79.83,3.92
2022-04-07,"-27,60253","-48,620096",0.0,1016.0,1245.48,22.91,78.88,3.85
2022-04-08,"-27,60253","-48,620096",2.4,1014.5,276.63,22.48,80.46,3.18
2022-04-09,"-27,60253","-48,620096",0.0,1013.03,1263.31,22.86,81.21,4.09
2022-04-10,"-27,60253","-48,620096",0.4,1013.78,1482.35,23.59,81.42,5.15
2022-04-11,"-27,60253","-48,620096",5.4,1012.72,353.77,23.26,85.08,4.55
2022-04-12,"-27,60253","-48,620096",2.8,1009.48,562.68,23.08,84.21,3.42
2022-04-13,"-27,60253","-48,620096",0.0,1010.33,1279.9,23.38,80.46,4.0
2022-04-14,"-27,60253","-48,620096",0.0,1013.82,985.58,21.77,68.92,9.48
2022-04-15,"-27,60253","-48,620096",0.0,1016.57,1581.41,18.49,53.29,6.48
2022-04-16,"-27,60253","-48,620096",0.0,1018.65,1148.44,19.24,63.58,4.88
2022-04-17,"-27,60253","-48,620096",0.0,1020.43,737.24,19.51,68.5,3.52
2022-04-18,"-27,60253","-48,620096",0.2,1020.45,920.59,18.89,76.42,2.29
2022-04-19,"-27,60253","-48,620096",0.0,1018.85,1315.36,19.99,75.5,2.85
2022-04-20,"-27,60253","-48,620096",0.0,1018.41,1304.11,19.85,79.54,2.96
2022-04-21,"-27,60253","-48,620096",0.0,1014.39,1414.65,21.16,76.12,3.47
2022-04-22,"-27,60253","-48,620096",0.2,1008.21,1006.02,22.45,69.5,3.65
2022-04-23,"-27,60253","-48,620096",2.0,1005.98,1385.1,21.6,71.38,6.36
2022-04-24,"-27,60253","-48,620096",0.0,1016.88,1512.03,20.9,74.67,4.35
2022-04-25,"-27,60253","-48,620096",0.0,1017.75,1122.82,23.43,74.62,6.47
2022-04-26,"-27,60253","-48,620096",0.0,1014.56,773.74,23.87,78.33,5.23
2022-04-27,"-27,60253","-48,620096",0.0,1012.47,1301.03,24.49,80.62,6.32
2022-04-28,"-27,60253","-48,620096",6.2,1012.22,1229.51,25.58,74.38,6.56
2022-04-29,"-27,60253","-48,620096",3.4,1020.16,470.38,21.07,73.5,7.79
2022-04-30,"-27,60253","-48,620096",0.2,1020.86,449.42,19.14,71.42,3.37
2022-05-01,"-27,60253","-48,620096",3.2,1013.75,973.38,20.52,84.5,4.39
2022-05-02,"-27,60253","-48,620096",13.0,1016.18,107.97,19.11,86.96,5.58
2022-05-03,"-27,60253","-48,620096",50.4,1015.12,113.34,18.22,91.29,5.48
2022-05-04,"-27,60253","-48,620096",35.6,1010.02,358.89,19.75,88.42,7.94
2022-05-05,"-27,60253","-48,620096",5.2,1015.13,797.82,20.65,74.5,8.65
2022-05-06,"-27,60253","-48,620096",0.0,1021.63,1372.44,17.86,71.0,3.68
2022-05-07,"-27,60253","-48,620096",0.0,1023.4,1324.63,19.26,67.67,3.02
2022-05-08,"-27,60253","-48,620096",0.0,1022.49,1290.52,18.66,69.38,2.73
2022-05-09,"-27,60253","-48,620096",0.0,1021.38,906.03,19.24,75.58,2.86
2022-05-10,"-27,60253","-48,620096",0.0,1017.98,756.44,20.4,80.92,3.3
2022-05-11,"-27,60253","-48,620096",2.6,1012.94,906.48,20.47,83.67,4.62
2022-05-12,"-27,60253","-48,620096",0.2,1016.05,1265.82,18.85,73.54,4.42
2022-05-13,"-27,60253","-48,620096",0.0,1019.03,1100.39,18.56,70.17,3.34
2022-05-14,"-27,60253","-48,620096",0.0,1018.14,854.2,19.1,78.75,3.56
2022-05-15,"-27,60253","-48,620096",0.6,1011.78,1015.92,20.78,81.38,3.85
2022-05-16,"-27,60253","-48,620096",0.6,1013.75,1066.65,18.51,71.92,5.12
2022-05-17,"-27,60253","-48,620096",0.0,1012.79,1279.71,14.99,42.42,9.1
2022-05-18,"-27,60253","-48,620096",0.0,1005.91,885.78,17.04,46.88,10.95
2022-05-19,"-27,60253","-48,620096",0.0,1013.86,895.13,18.06,51.25,8.48
2022-05-20,"-27,60253","-48,620096",0.0,1020.0,1352.83,14.75,64.79,2.79
2022-05-21,"-27,60253","-48,620096",0.0,1022.56,1342.41,14.26,80.42,2.57
2022-05-22,"-27,60253","-48,620096",0.0,1022.12,1296.61,16.08,78.12,3.02
2022-05-23,"-27,60253","-48,620096",0.0,1020.56,1075.39,18.18,78.08,3.04
2022-05-24,"-27,60253","-48,620096",0.2,1020.95,1229.79,18.33,81.46,3.22
2022-05-25,"-27,60253","-48,620096",0.2,1021.86,1100.43,19.2,81.17,3.48
2022-05-26,"-27,60253","-48,620096",0.0,1020.82,1130.32,20.29,77.12,2.85
2022-05-27,"-27,60253","-48,620096",0.0,1018.43,910.63,19.55,83.5,3.33
2022-05-28,"-27,60253","-48,620096",0.4,1014.67,694.33,20.28,82.0,2.45
2022-05-29,"-27,60253","-48,620096",15.0,1010.61,105.23,18.97,86.38,4.2
2022-05-30,"-27,60253","-48,620096",1.0,1012.37,243.28,16.96,86.0,6.31
2022-05-31,"-27,60253","-48,620096",0.2,1018.68,489.26,14.59,70.25,8.82
2022-06-01,"-27,60253","-48,620096",6.2,1018.68,292.07,13.48,85.83,3.08
2022-06-02,"-27,60253","-48,620096",5.6,1016.32,239.04,15.06,86.33,3.96
2022-06-03,"-27,60253","-48,620096",0.0,1021.93,821.49,15.22,71.5,5.29
2022-06-04,"-27,60253","-48,620096",0.0,1024.21,932.14,15.44,75.83,2.75
2022-06-05,"-27,60253","-48,620096",10.4,1021.27,363.54,16.96,87.83,3.64
2022-06-06,"-27,60253","-48,620096",21.6,1015.58,384.55,18.2,89.71,2.98
2022-06-07,"-27,60253","-48,620096",4.6,1013.87,243.87,17.6,91.62,3.32
2022-06-08,"-27,60253","-48,620096",0.4,1016.4,703.48,18.31,84.71,3.67
2022-06-09,"-27,60253","-48,620096",1.2,1018.2,409.66,17.57,87.75,1.89
2022-06-10,"-27,60253","-48,620096",0.6,1015.33,753.98,17.71,86.25,4.53
2022-06-11,"-27,60253","-48,620096",0.0,1018.74,1190.85,13.49,68.75,5.03
2022-06-12,"-27,60253","-48,620096",0.0,1017.93,1219.95,11.86,60.0,2.85
2022-06-13,"-27,60253","-48,620096",0.0,1022.08,1180.19,13.78,78.96,3.23
2022-06-14,"-27,60253","-48,620096",0.0,1023.35,838.01,15.66,80.25,2.69
2022-06-15,"-27,60253","-48,620096",0.0,1020.92,842.76,17.4,74.67,4.13
2022-06-16,"-27,60253","-48,620096",0.0,1017.36,1147.15,16.76,82.62,4.95
2022-06-17,"-27,60253","-48,620096",4.2,1009.23,434.3,18.12,86.0,5.79
2022-06-18,"-27,60253","-48,620096",0.2,1015.64,1017.85,16.19,74.21,6.38
2022-06-19,"-27,60253","-48,620096",0.0,1022.88,1002.56,14.09,75.83,3.58
2022-06-20,"-27,60253","-48,620096",0.0,1020.02,1059.35,17.68,70.58,3.57
2022-06-21,"-27,60253","-48,620096",6.4,1016.97,425.36,15.58,88.33,2.96
2022-06-22,"-27,60253","-48,620096",31.0,1013.71,163.67,17.42,89.79,4.59
2022-06-23,"-27,60253","-48,620096",10.0,1013.88,350.57,18.28,87.42,3.53
2022-06-24,"-27,60253","-48,620096",5.4,1017.98,620.16,18.32,86.88,3.71
2022-06-25,"-27,60253","-48,620096",2.4,1021.51,819.03,17.53,84.83,6.67
2022-06-26,"-27,60253","-48,620096",0.0,1024.29,952.12,15.89,73.62,4.79
2022-06-27,"-27,60253","-48,620096",0.0,1021.72,1088.57,17.07,77.79,4.54
2022-06-28,"-27,60253","-48,620096",0.0,1016.54,1129.31,18.51,75.83,5.6
2022-06-29,"-27,60253","-48,620096",0.0,1012.75,920.19,16.61,81.46,4.46
2022-06-30,"-27,60253","-48,620096",0.0,1018.17,1199.39,14.12,74.62,3.31
2022-07-01,"-27,60253","-48,620096",0.0,1019.66,849.8,14.11,82.35,2.9
2022-07-02,"-27,60253","-48,620096",0.0,1017.82,867.53,18.9,78.67,5.24
2022-07-03,"-27,60253","-48,620096",0.0,1019.48,1107.75,18.14,86.25,3.49
2022-07-04,"-27,60253","-48,620096",0.0,1019.38,1065.09,18.55,87.21,4.52
2022-07-05,"-27,60253","-48,620096",0.0,1015.2,886.75,20.3,78.46,4.83
2022-07-06,"-27,60253","-48,620096",0.0,1015.79,1004.79,18.86,83.67,3.17
2022-07-07,"-27,60253","-48,620096",0.0,1014.8,1043.86,22.11,65.62,4.55
2022-07-08,"-27,60253","-48,620096",0.0,1022.19,1095.05,18.65,80.42,4.71
2022-07-09,"-27,60253","-48,620096",0.0,1023.33,1014.63,19.28,78.79,3.52
2022-07-10,"-27,60253","-48,620096",0.0,1018.35,1082.87,19.0,82.71,6.22
2022-07-11,"-27,60253","-48,620096",0.0,1011.15,836.57,19.34,81.62,6.38
2022-07-12,"-27,60253","-48,620096",1.4,1011.35,562.08,18.79,77.5,6.87
2022-07-13,"-27,60253","-48,620096",0.0,1023.4,309.25,15.33,71.79,5.14
2022-07-14,"-27,60253","-48,620096",12.4,1020.96,99.42,16.01,85.71,1.69
2022-07-15,"-27,60253","-48,620096",5.0,1012.94,514.89,19.95,86.92,4.6
2022-07-16,"-27,60253","-48,620096",0.0,1008.0,434.07,19.83,83.12,3.03
2022-07-17,"-27,60253","-48,620096",0.0,1016.27,786.85,19.0,62.83,5.48
2022-07-18,"-27,60253","-48,620096",0.0,1025.18,590.76,16.58,72.71,1.64
2022-07-19,"-27,60253","-48,620096",0.0,1023.04,1140.58,17.68,77.62,4.24
2022-07-20,"-27,60253","-48,620096",0.0,1022.6,919.54,17.77,79.17,3.78
2022-07-21,"-27,60253","-48,620096",0.0,1018.71,1143.52,20.02,72.33,6.2
2022-07-22,"-27,60253","-48,620096",0.0,1015.64,1087.15,19.5,81.04,4.75
2022-07-23,"-27,60253","-48,620096",0.0,1017.04,901.55,19.0,88.08,4.34
2022-07-24,"-27,60253","-48,620096",0.0,1018.25,1070.59,19.65,82.83,5.52
2022-07-25,"-27,60253","-48,620096",0.0,1019.5,832.03,18.94,87.38,4.54
2022-07-26,"-27,60253","-48,620096",0.0,1021.58,1297.35,20.12,75.92,3.99
2022-07-27,"-27,60253","-48,620096",0.0,1019.23,1270.66,18.5,78.33,3.99
2022-07-28,"-27,60253","-48,620096",0.0,1009.58,1137.05,21.66,69.58,5.44
2022-07-29,"-27,60253","-48,620096",11.2,1010.2,1338.08,17.89,67.96,7.03
2022-07-30,"-27,60253","-48,620096",0.0,1018.73,1428.55,13.97,68.5,3.14
2022-07-31,"-27,60253","-48,620096",0.0,1020.16,1425.22,14.8,74.58,4.14
2022-08-01,"-27,60253","-48,620096",0.0,1017.42,1380.01,16.43,77.67,3.99
2022-08-02,"-27,60253","-48,620096",0.0,1018.32,1332.06,17.44,82.58,2.87
2022-08-03,"-27,60253","-48,620096",0.0,1018.37,809.29,19.72,75.54,4.67
2022-08-04,"-27,60253","-48,620096",0.2,1011.16,758.65,20.59,78.46,6.18
2022-08-05,"-27,60253","-48,620096",0.0,1011.62,1471.04,19.32,70.46,7.94
2022-08-06,"-27,60253","-48,620096",3.6,1020.12,681.3,16.06,72.04,5.98
2022-08-07,"-27,60253","-48,620096",29.4,1017.83,244.75,14.72,91.71,2.11
2022-08-08,"-27,60253","-48,620096",4.4,1017.52,758.91,16.99,90.88,4.11
2022-08-09,"-27,60253","-48,620096",46.4,1020.68,264.4,16.71,92.0,3.53
2022-08-10,"-27,60253","-48,620096",102.2,1016.81,159.42,15.28,87.08,11.16
2022-08-11,"-27,60253","-48,620096",0.2,1022.57,1277.06,16.15,75.0,5.56
2022-08-12,"-27,60253","-48,620096",0.4,1025.25,813.7,16.69,80.12,3.41
2022-08-13,"-27,60253","-48,620096",0.6,1023.39,745.96,17.16,82.25,4.05
2022-08-14,"-27,60253","-48,620096",0.0,1019.83,1366.44,18.7,78.12,4.28
2022-08-15,"-27,60253","-48,620096",0.0,1011.24,1376.8,18.98,81.83,5.05
2022-08-16,"-27,60253","-48,620096",0.4,1009.91,220.82,19.27,81.38,5.89
2022-08-17,"-27,60253","-48,620096",0.0,1012.52,728.26,17.95,82.33,5.18
2022-08-18,"-27,60253","-48,620096",33.4,1009.76,554.85,17.84,85.46,7.78
2022-08-19,"-27,60253","-48,620096",0.0,1028.23,1628.69,12.29,58.83,6.08
2022-08-20,"-27,60253","-48,620096",0.0,1031.98,1524.58,12.59,63.42,3.69
2022-08-21,"-27,60253","-48,620096",0.0,1028.21,1101.34,16.1,73.58,3.61
2022-08-22,"-27,60253","-48,620096",0.0,1025.62,693.42,16.28,76.92,2.98
2022-08-23,"-27,60253","-48,620096",3.0,1025.54,1048.01,17.18,85.92,3.2
2022-08-24,"-27,60253","-48,620096",1.8,1023.42,1463.72,19.38,78.42,4.16
2022-08-25,"-27,60253","-48,620096",0.0,1021.71,1566.24,19.37,77.83,4.46
2022-08-26,"-27,60253","-48,620096",0.0,1019.61,1553.26,19.58,77.88,5.22
2022-08-27,"-27,60253","-48,620096",0.0,1015.47,1560.92,19.38,82.38,4.37
2022-08-28,"-27,60253","-48,620096",1.8,1018.48,443.66,17.53,81.5,9.69
2022-08-29,"-27,60253","-48,620096",0.0,1029.76,1713.86,13.1,58.5,7.45
2022-08-30,"-27,60253","-48,620096",0.0,1030.16,1332.27,14.5,66.58,3.45
2022-08-31,"-27,60253","-48,620096",0.4,1025.92,1358.38,15.96,75.08,4.2
2022-09-01,"-27,60253","-48,620096",0.0,1019.3,1652.86,19.31,65.79,7.4
2022-09-02,"-27,60253","-48,620096",1.0,1014.52,273.47,19.02,79.42,4.73
2022-09-03,"-27,60253","-48,620096",0.8,1020.56,1266.32,16.03,71.0,9.87
2022-09-04,"-27,60253","-48,620096",0.0,1025.98,1791.71,14.26,60.21,4.23
2022-09-05,"-27,60253","-48,620096",0.4,1026.69,880.45,15.8,78.25,3.4
2022-09-06,"-27,60253","-48,620096",12.6,1026.2,351.37,17.03,88.0,3.41
2022-09-07,"-27,60253","-48,620096",18.4,1018.98,198.79,17.77,88.0,5.41
2022-09-08,"-27,60253","-48,620096",0.0,1012.09,1517.46,19.18,83.17,4.03
2022-09-09,"-27,60253","-48,620096",2.4,1008.82,1124.88,23.76,72.17,5.28
2022-09-10,"-27,60253","-48,620096",0.0,1015.33,905.3,17.49,74.58,10.72
2022-09-11,"-27,60253","-48,620096",0.0,1021.94,1705.09,14.93,67.38,4.51
2022-09-12,"-27,60253","-48,620096",30.4,1018.28,202.95,14.82,84.71,3.82
2022-09-13,"-27,60253","-48,620096",9.0,1013.05,1464.21,18.14,84.08,4.18
2022-09-14,"-27,60253","-48,620096",0.0,1017.11,536.44,18.41,75.33,5.52
2022-09-15,"-27,60253","-48,620096",0.0,1021.46,1536.81,17.29,78.17,4.99
2022-09-16,"-27,60253","-48,620096",6.2,1024.8,1094.2,17.07,81.0,5.17
2022-09-17,"-27,60253","-48,620096",1.6,1025.3,1276.89,16.91,75.96,3.87
2022-09-18,"-27,60253","-48,620096",0.8,1021.68,1526.07,16.85,76.75,4.19
2022-09-19,"-27,60253","-48,620096",4.0,1017.09,984.76,17.68,74.17,4.15
2022-09-20,"-27,60253","-48,620096",2.0,1012.47,1766.94,18.59,81.08,4.96
2022-09-21,"-27,60253","-48,620096",0.6,1013.71,1083.37,19.11,74.58,5.72
2022-09-22,"-27,60253","-48,620096",2.6,1009.37,1612.51,19.0,77.75,5.62
2022-09-23,"-27,60253","-48,620096",0.0,1013.55,1870.33,17.93,44.83,6.33
2022-09-24,"-27,60253","-48,620096",0.0,1020.43,1893.58,15.95,63.08,3.69
2022-09-25,"-27,60253","-48,620096",5.8,1020.41,940.82,16.75,74.67,3.91
2022-09-26,"-27,60253","-48,620096",5.4,1016.15,682.43,17.81,80.5,4.71
2022-09-27,"-27,60253","-48,620096",0.0,1016.18,1415.66,19.16,80.0,3.64
2022-09-28,"-27,60253","-48,620096",0.0,1021.82,1326.88,19.47,68.42,9.78
2022-09-29,"-27,60253","-48,620096",0.2,1024.5,1198.85,18.08,63.96,5.69
2022-09-30,"-27,60253","-48,620096",0.6,1023.28,716.45,17.1,76.29,3.19
2022-10-01,"-27,60253","-48,620096",3.8,1018.89,1495.71,19.36,77.21,4.9
2022-10-02,"-27,60253","-48,620096",0.0,1019.1,1396.2,18.9,77.5,5.21
2022-10-03,"-27,60253","-48,620096",0.0,1017.63,1337.13,18.53,72.58,5.2
2022-10-04,"-27,60253","-48,620096",0.0,1016.17,831.26,17.32,71.71,5.85
2022-10-05,"-27,60253","-48,620096",0.0,1016.63,917.68,18.25,73.5,4.27
2022-10-06,"-27,60253","-48,620096",21.4,1012.82,141.99,19.4,87.92,5.85
2022-10-07,"-27,60253","-48,620096",0.4,1005.87,1512.83,20.84,79.58,5.43
2022-10-08,"-27,60253","-48,620096",0.0,1011.47,1901.5,19.08,72.38,5.26
2022-10-09,"-27,60253","-48,620096",0.0,1014.7,1791.94,18.52,75.42,8.72
2022-10-10,"-27,60253","-48,620096",57.8,1023.59,150.62,14.16,85.62,6.64
2022-10-11,"-27,60253","-48,620096",8.4,1018.75,345.26,17.84,89.17,2.86
2022-10-12,"-27,60253","-48,620096",0.4,1014.75,1126.79,20.38,82.54,5.25
2022-10-13,"-27,60253","-48,620096",0.0,1016.67,857.42,20.28,79.5,4.1
2022-10-14,"-27,60253","-48,620096",20.0,1022.11,333.16,19.37,88.33,7.1
2022-10-15,"-27,60253","-48,620096",11.4,1026.49,661.85,18.76,84.75,5.76
2022-10-16,"-27,60253","-48,620096",50.0,1019.2,444.84,19.24,91.08,3.22
2022-10-17,"-27,60253","-48,620096",0.0,1016.79,1498.57,20.45,83.71,5.13
2022-10-18,"-27,60253","-48,620096",0.2,1019.95,659.09,20.17,81.17,4.08
2022-10-19,"-27,60253","-48,620096",1.4,1017.0,1507.83,20.86,80.79,3.82
2022-10-20,"-27,60253","-48,620096",1.4,1011.3,976.88,21.92,80.92,3.66
2022-10-21,"-27,60253","-48,620096",3.4,1005.75,1552.57,23.22,76.21,5.97
2022-10-22,"-27,60253","-48,620096",0.0,1012.77,1634.53,20.6,77.88,6.05
2022-10-23,"-27,60253","-48,620096",22.0,1016.86,1871.01,21.22,72.75,5.43
2022-10-24,"-27,60253","-48,620096",2.4,1017.88,1387.55,20.42,76.79,5.65
2022-10-25,"-27,60253","-48,620096",0.0,1017.8,1763.04,20.62,71.33,5.0
2022-10-26,"-27,60253","-48,620096",0.0,1013.87,1675.04,22.21,70.96,6.12
2022-10-27,"-27,60253","-48,620096",0.0,1009.8,1299.21,23.48,72.29,6.01
2022-10-28,"-27,60253","-48,620096",0.0,1012.0,1971.2,24.04,63.92,4.39
2022-10-29,"-27,60253","-48,620096",0.0,1009.38,1165.04,24.47,77.04,5.22
2022-10-30,"-27,60253","-48,620096",0.6,1003.11,1377.56,25.36,61.71,5.91
2022-10-31,"-27,60253","-48,620096",1.2,1007.75,689.69,22.69,76.75,8.73
2022-11-01,"-27,60253","-48,620096",0.4,1022.38,488.62,16.6,62.0,8.41
2022-11-02,"-27,60253","-48,620096",0.0,1027.37,2019.4,17.46,56.58,8.13
2022-11-03,"-27,60253","-48,620096",0.0,1025.97,1983.77,17.53,65.96,4.58
2022-11-04,"-27,60253","-48,620096",2.4,1022.79,1679.84,18.39,67.29,4.9
2022-11-05,"-27,60253","-48,620096",0.0,1021.88,1823.49,18.4,66.88,4.65
2022-11-06,"-27,60253","-48,620096",0.2,1022.14,1899.51,18.42,71.29,5.69
2022-11-07,"-27,60253","-48,620096",0.8,1020.87,2028.92,18.42,73.0,6.8
2022-11-08,"-27,60253","-48,620096",0.4,1018.13,1678.74,18.97,69.58,6.1
2022-11-09,"-27,60253","-48,620096",0.2,1016.14,1624.14,18.77,69.96,4.64
2022-11-10,"-27,60253","-48,620096",0.4,1015.88,2084.81,21.28,71.08,4.69
2022-11-11,"-27,60253","-48,620096",0.2,1015.41,1056.59,21.18,75.42,3.68
2022-11-12,"-27,60253","-48,620096",1.0,1013.6,1602.12,23.08,72.25,4.58
2022-11-13,"-27,60253","-48,620096",3.8,1011.89,1828.04,23.77,74.83,6.59
2022-11-14,"-27,60253","-48,620096",1.8,1007.42,1161.39,24.12,80.38,6.52
2022-11-15,"-27,60253","-48,620096",0.4,1011.23,2084.43,24.74,52.58,5.72
2022-11-16,"-27,60253","-48,620096",0.0,1016.82,2179.34,23.08,57.5,5.06
2022-11-17,"-27,60253","-48,620096",0.0,1018.06,2227.16,22.5,52.71,4.51
2022-11-18,"-27,60253","-48,620096",0.0,1018.49,2183.6,21.67,64.25,4.96
2022-11-19,"-27,60253","-48,620096",0.0,1018.52,2161.15,22.28,66.67,4.93
2022-11-20,"-27,60253","-48,620096",1.2,1016.36,1841.56,23.4,68.29,7.02
2022-11-21,"-27,60253","-48,620096",0.0,1013.9,1784.83,23.8,74.25,6.08
2022-11-22,"-27,60253","-48,620096",0.0,1012.48,818.62,24.34,78.71,5.89
2022-11-23,"-27,60253","-48,620096",10.6,1011.05,810.09,22.78,82.83,7.56
2022-11-24,"-27,60253","-48,620096",0.0,1013.79,1806.26,22.48,72.38,5.82
2022-11-25,"-27,60253","-48,620096",0.0,1016.58,1664.73,22.22,68.54,7.07
2022-11-26,"-27,60253","-48,620096",25.4,1016.76,610.76,21.98,83.62,9.69
2022-11-27,"-27,60253","-48,620096",33.8,1017.51,368.32,22.27,85.25,8.57
2022-11-28,"-27,60253","-48,620096",12.4,1014.52,566.2,21.42,86.17,6.69
2022-11-29,"-27,60253","-48,620096",32.4,1009.88,995.1,22.31,86.71,6.5
2022-11-30,"-27,60253","-48,620096",36.0,1007.1,301.23,22.3,87.83,5.99
2022-12-01,"-27,60253","-48,620096",20.6,1007.48,1224.21,24.44,83.21,7.98
2022-12-02,"-27,60253","-48,620096",0.0,1010.51,1862.63,25.65,78.67,5.2
2022-12-03,"-27,60253","-48,620096",0.2,1010.9,1613.94,25.59,80.83,4.99
2022-12-04,"-27,60253","-48,620096",2.0,1008.86,1175.34,25.46,83.0,5.01
2022-12-05,"-27,60253","-48,620096",32.4,1009.96,890.5,24.04,88.21,4.88
2022-12-06,"-27,60253","-48,620096",0.0,1012.43,1796.87,24.55,79.67,5.75
2022-12-07,"-27,60253","-48,620096",0.0,1012.18,1887.24,24.22,78.75,4.98
2022-12-08,"-27,60253","-48,620096",0.0,1009.33,2197.86,24.08,73.62,4.46
2022-12-09,"-27,60253","-48,620096",0.0,1008.44,2001.69,25.42,74.88,4.81
2022-12-10,"-27,60253","-48,620096",0.0,1009.65,1841.83,26.0,70.92,6.87
2022-12-11,"-27,60253","-48,620096",0.8,1009.42,1023.43,25.67,77.08,4.63
2022-12-12,"-27,60253","-48,620096",4.6,1003.1,1724.96,27.98,67.67,6.12
2022-12-13,"-27,60253","-48,620096",5.0,1006.42,1890.98,23.21,65.67,9.39
2022-12-14,"-27,60253","-48,620096",0.0,1013.4,1774.78,22.3,56.96,3.44
2022-12-15,"-27,60253","-48,620096",0.0,1012.68,2265.14,23.91,59.67,5.86
2022-12-16,"-27,60253","-48,620096",14.2,1009.26,836.23,22.82,75.29,3.81
2022-12-17,"-27,60253","-48,620096",0.0,1011.45,1180.54,21.66,67.58,5.26
2022-12-18,"-27,60253","-48,620096",16.2,1015.22,526.84,20.9,80.17,1.14
2022-12-19,"-27,60253","-48,620096",122.8,1016.81,288.17,20.45,88.96,1.58
2022-12-20,"-27,60253","-48,620096",136.6,1015.6,260.33,20.28,90.38,1.5
2022-12-21,"-27,60253","-48,620096",21.6,1016.12,1268.83,20.56,86.54,2.55
2022-12-22,"-27,60253","-48,620096",1.8,1016.58,2032.91,22.13,73.08,2.35
2022-12-23,"-27,60253","-48,620096",0.0,1015.86,1982.07,22.76,68.71,4.22
2022-12-24,"-27,60253","-48,620096",0.6,1015.75,1602.31,23.74,70.46,5.7
2022-12-25,"-27,60253","-48,620096",8.6,1015.13,1294.49,23.82,78.29,4.81
2022-12-26,"-27,60253","-48,620096",6.8,1012.5,1379.33,23.8,81.62,4.03
2022-12-27,"-27,60253","-48,620096",0.0,1012.7,1223.29,23.86,78.79,4.53
2022-12-28,"-27,60253","-48,620096",65.2,1009.34,1088.39,22.78,85.29,4.93
2022-12-29,"-27,60253","-48,620096",0.4,1011.8,1729.95,22.72,70.88,4.27
2022-12-30,"-27,60253","-48,620096",0.0,1015.91,2090.05,23.88,64.0,5.5
2022-12-31,"-27,60253","-48,620096",0.0,1015.56,2263.52,24.08,70.82,3.85
2022-01-01,"-8,7936111","-63,84583333",3.8,998.25,1269.02,27.85,77.08,4.64
2022-01-02,"-8,7936111","-63,84583333",0.0,999.32,1269.02,27.51,77.17,4.64
2022-01-03,"-8,7936111","-63,84583333",1.0,1000.44,1269.02,26.86,80.67,4.64
2022-01-04,"-8,7936111","-63,84583333",3.4,998.83,1269.02,26.6,81.29,4.64
2022-01-05,"-8,7936111","-63,84583333",24.6,998.75,1269.02,25.85,83.83,4.64
2022-01-06,"-8,7936111","-63,84583333",0.0,999.41,1269.02,26.58,78.12,4.64
2022-01-07,"-8,7936111","-63,84583333",0.0,999.41,1269.02,27.56,74.79,4.64
2022-01-08,"-8,7936111","-63,84583333",1.2,1000.33,1269.02,26.26,80.75,4.64
2022-01-09,"-8,7936111","-63,84583333",25.6,1001.94,1269.02,25.53,80.79,4.64
2022-01-10,"-8,7936111","-63,84583333",14.2,1000.62,1269.02,25.73,82.42,4.64
2022-01-11,"-8,7936111","-63,84583333",21.8,1000.32,1269.02,24.35,89.17,4.64
2022-01-12,"-8,7936111","-63,84583333",0.6,1000.56,1269.02,25.35,85.83,4.64
2022-01-13,"-8,7936111","-63,84583333",5.2,1000.22,1269.02,25.52,85.71,4.64
2022-01-14,"-8,7936111","-63,84583333",17.4,1002.27,1269.02,24.14,88.7,4.64
2022-01-15,"-8,7936111","-63,84583333",0.2,1002.95,1269.02,26.06,80.67,4.64
2022-01-16,"-8,7936111","-63,84583333",3.4,1001.87,1269.02,26.51,79.17,4.64
2022-01-17,"-8,7936111","-63,84583333",3.4,1000.72,1269.02,26.75,77.29,4.64
2022-01-18,"-8,7936111","-63,84583333",0.8,1000.99,1269.02,27.08,77.29,4.64
2022-01-19,"-8,7936111","-63,84583333",0.0,1001.62,1269.02,27.77,75.0,4.64
2022-01-20,"-8,7936111","-63,84583333",1.0,1000.95,1269.02,27.18,74.46,4.64
2022-01-21,"-8,7936111","-63,84583333",13.6,1000.82,1269.02,25.37,85.96,4.64
2022-01-22,"-8,7936111","-63,84583333",0.4,1000.9,1269.02,25.07,86.29,4.64
2022-01-23,"-8,7936111","-63,84583333",1.4,1000.81,1269.02,25.27,83.43,4.64
2022-01-24,"-8,7936111","-63,84583333",0.2,999.24,1269.02,26.44,81.52,4.64
2022-01-25,"-8,7936111","-63,84583333",0.0,999.09,1269.02,26.44,80.36,4.64
2022-01-26,"-8,7936111","-63,84583333",33.0,1000.26,1269.02,25.1,85.62,4.64
2022-01-27,"-8,7936111","-63,84583333",17.2,999.81,1269.02,25.73,83.42,4.64
2022-01-28,"-8,7936111","-63,84583333",0.6,998.43,1269.02,26.04,83.75,4.64
2022-01-29,"-8,7936111","-63,84583333",17.2,998.33,1269.02,24.95,85.79,4.64
2022-01-30,"-8,7936111","-63,84583333",22.4,999.24,1269.02,25.85,83.33,4.64
2022-01-31,"-8,7936111","-63,84583333",42.8,999.7,1269.02,25.59,86.04,4.64
2022-02-01,"-8,7936111","-63,84583333",0.4,999.45,1269.02,26.16,82.83,4.64
2022-02-02,"-8,7936111","-63,84583333",48.2,1000.48,1269.02,25.46,83.42,4.64
2022-02-03,"-8,7936111","-63,84583333",0.2,1000.65,1269.02,26.01,81.25,4.64
2022-02-04,"-8,7936111","-63,84583333",63.8,1000.74,1269.02,25.94,85.21,4.64
2022-02-05,"-8,7936111","-63,84583333",7.4,1001.33,1269.02,25.75,81.88,4.64
2022-02-06,"-8,7936111","-63,84583333",14.2,1000.59,1269.02,25.62,84.92,4.64
2022-02-07,"-8,7936111","-63,84583333",0.0,1001.35,1269.02,25.8,83.46,4.64
2022-02-08,"-8,7936111","-63,84583333",3.4,1000.03,1269.02,26.09,86.67,4.64
2022-02-09,"-8,7936111","-63,84583333",1.4,999.91,1269.02,25.49,83.25,4.64
2022-02-10,"-8,7936111","-63,84583333",10.4,998.68,1269.02,25.75,85.88,4.64
2022-02-11,"-8,7936111","-63,84583333",34.6,998.39,1269.02,25.2,90.79,4.64
2022-02-12,"-8,7936111","-63,84583333",0.4,999.17,1269.02,25.68,82.08,4.64
2022-02-13,"-8,7936111","-63,84583333",37.6,999.8,1269.02,24.97,86.79,4.64
2022-02-14,"-8,7936111","-63,84583333",76.2,999.75,1269.02,24.25,89.79,4.64
2022-02-15,"-8,7936111","-63,84583333",1.2,1000.75,1269.02,25.0,86.08,4.64
2022-02-16,"-8,7936111","-63,84583333",5.6,1001.46,1269.02,25.26,84.08,4.64
2022-02-17,"-8,7936111","-63,84583333",0.6,1000.81,1269.02,26.08,81.04,4.64
2022-02-18,"-8,7936111","-63,84583333",23.0,999.68,1269.02,25.51,85.0,4.64
2022-02-19,"-8,7936111","-63,84583333",66.2,999.04,1269.02,24.07,90.79,4.64
2022-02-20,"-8,7936111","-63,84583333",42.2,999.48,1269.02,24.44,87.12,4.64
2022-02-21,"-8,7936111","-63,84583333",0.0,1000.14,1269.02,25.67,84.08,4.64
2022-02-22,"-8,7936111","-63,84583333",64.0,1001.49,1269.02,24.23,89.33,4.64
2022-02-23,"-8,7936111","-63,84583333",0.0,1000.72,1269.02,25.65,83.42,4.64
2022-02-24,"-8,7936111","-63,84583333",0.8,999.98,1269.02,25.76,84.29,4.64
2022-02-25,"-8,7936111","-63,84583333",33.6,1001.38,1269.02,24.78,91.88,4.64
2022-02-26,"-8,7936111","-63,84583333",0.0,1001.72,1269.02,26.3,82.65,4.64
2022-02-27,"-8,7936111","-63,84583333",14.4,999.9,1269.02,27.8,80.25,4.64
2022-02-28,"-8,7936111","-63,84583333",33.2,1000.18,1269.02,26.46,80.17,4.64
2022-03-01,"-8,7936111","-63,84583333",0.0,1000.42,1269.02,27.72,80.29,4.64
2022-03-02,"-8,7936111","-63,84583333",11.2,1000.65,1269.02,26.38,83.42,4.64
2022-03-03,"-8,7936111","-63,84583333",50.8,1000.48,1269.02,26.02,87.88,4.64
2022-03-04,"-8,7936111","-63,84583333",13.6,1000.46,1269.02,25.23,88.58,4.64
2022-03-05,"-8,7936111","-63,84583333",0.8,999.52,1269.02,25.8,84.38,4.64
2022-03-06,"-8,7936111","-63,84583333",61.8,999.09,1269.02,25.65,84.08,4.64
2022-03-07,"-8,7936111","-63,84583333",8.4,998.77,1269.02,25.22,89.25,4.64
2022-03-08,"-8,7936111","-63,84583333",7.6,999.54,1269.02,25.18,85.46,4.64
2022-03-09,"-8,7936111","-63,84583333",18.2,999.68,1269.02,25.38,84.08,4.64
2022-03-10,"-8,7936111","-63,84583333",4.2,1000.29,1269.02,25.87,87.17,4.64
2022-03-11,"-8,7936111","-63,84583333",1.0,999.58,1269.02,26.8,81.29,4.64
2022-03-12,"-8,7936111","-63,84583333",4.4,1000.21,1269.02,26.02,81.88,4.64
2022-03-13,"-8,7936111","-63,84583333",0.0,1000.88,1269.02,26.46,81.71,4.64
2022-03-14,"-8,7936111","-63,84583333",4.8,1001.21,1269.02,25.37,83.29,4.64
2022-03-15,"-8,7936111","-63,84583333",0.0,1000.62,1269.02,25.26,86.33,4.64
2022-03-16,"-8,7936111","-63,84583333",5.0,999.61,1269.02,26.4,85.58,4.64
2022-03-17,"-8,7936111","-63,84583333",13.2,999.51,1269.02,25.71,85.17,4.64
2022-03-18,"-8,7936111","-63,84583333",23.8,1000.1,1269.02,25.64,86.12,4.64
2022-03-19,"-8,7936111","-63,84583333",12.6,1000.05,1269.02,25.81,86.12,4.64
2022-03-20,"-8,7936111","-63,84583333",19.6,1000.82,1269.02,24.98,87.12,4.64
2022-03-21,"-8,7936111","-63,84583333",0.6,1000.52,1269.02,25.78,82.92,4.64
2022-03-22,"-8,7936111","-63,84583333",0.0,999.67,1269.02,26.52,83.88,4.64
2022-03-23,"-8,7936111","-63,84583333",1.6,999.49,1269.02,27.0,86.5,4.64
2022-03-24,"-8,7936111","-63,84583333",38.6,999.84,1269.02,25.84,86.33,4.64
2022-03-25,"-8,7936111","-63,84583333",34.8,1000.13,1269.02,24.75,88.83,4.64
2022-03-26,"-8,7936111","-63,84583333",7.8,999.44,1269.02,24.81,89.7,4.64
2022-03-27,"-8,7936111","-63,84583333",6.8,1000.32,1269.02,25.64,87.96,4.64
2022-03-28,"-8,7936111","-63,84583333",0.2,1000.93,1269.02,26.67,85.5,4.64
2022-03-29,"-8,7936111","-63,84583333",7.4,1000.35,1269.02,26.43,80.67,4.64
2022-03-30,"-8,7936111","-63,84583333",25.0,1000.78,1269.02,24.64,85.62,4.64
2022-03-31,"-8,7936111","-63,84583333",11.6,1000.23,1269.02,25.74,85.54,4.64
2022-04-01,"-8,7936111","-63,84583333",4.6,1002.2,1269.02,23.31,87.04,4.64
2022-04-02,"-8,7936111","-63,84583333",0.6,1004.31,1269.02,21.17,87.83,4.64
2022-04-03,"-8,7936111","-63,84583333",0.2,1002.14,1269.02,24.62,84.58,4.64
2022-04-04,"-8,7936111","-63,84583333",0.0,1000.96,1269.02,26.51,79.79,4.64
2022-04-05,"-8,7936111","-63,84583333",1.0,1001.11,1269.02,26.25,79.96,4.64
2022-04-06,"-8,7936111","-63,84583333",0.0,1000.15,1269.02,27.38,79.0,4.64
2022-04-07,"-8,7936111","-63,84583333",0.0,999.86,1269.02,27.56,78.67,4.64
2022-04-08,"-8,7936111","-63,84583333",0.0,1000.02,1269.02,27.68,78.96,4.64
2022-04-09,"-8,7936111","-63,84583333",0.0,1000.86,1269.02,27.05,75.79,4.64
2022-04-10,"-8,7936111","-63,84583333",0.0,1000.1,1269.02,26.7,79.21,4.64
2022-04-11,"-8,7936111","-63,84583333",0.4,999.94,1269.02,26.16,80.83,4.64
2022-04-12,"-8,7936111","-63,84583333",0.6,999.46,1269.02,26.29,79.96,4.64
2022-04-13,"-8,7936111","-63,84583333",3.4,999.35,1269.02,27.23,80.88,4.64
2022-04-14,"-8,7936111","-63,84583333",12.0,999.85,1269.02,25.78,82.96,4.64
2022-04-15,"-8,7936111","-63,84583333",0.8,1001.15,1269.02,25.35,87.04,4.64
2022-04-16,"-8,7936111","-63,84583333",10.4,1000.84,1269.02,25.4,87.21,4.64
2022-04-17,"-8,7936111","-63,84583333",8.6,1000.82,1269.02,25.55,86.08,4.64
2022-04-18,"-8,7936111","-63,84583333",38.0,1000.94,1269.02,25.29,85.92,4.64
2022-04-19,"-8,7936111","-63,84583333",0.0,1000.52,1269.02,26.59,85.5,4.64
2022-04-20,"-8,7936111","-63,84583333",96.8,1001.08,1269.02,25.18,84.58,4.64
2022-04-21,"-8,7936111","-63,84583333",19.0,1001.32,1269.02,25.82,85.46,4.64
2022-04-22,"-8,7936111","-63,84583333",0.0,999.42,1269.02,26.71,82.79,4.64
2022-04-23,"-8,7936111","-63,84583333",0.0,998.62,1269.02,27.62,76.0,4.64
2022-04-24,"-8,7936111","-63,84583333",0.0,999.44,1269.02,27.73,76.21,4.64
2022-04-25,"-8,7936111","-63,84583333",0.0,999.9,1269.02,27.11,79.0,4.64
2022-04-26,"-8,7936111","-63,84583333",0.0,999.46,1269.02,27.73,77.83,4.64
2022-04-27,"-8,7936111","-63,84583333",3.2,999.76,1269.02,27.18,77.08,4.64
2022-04-28,"-8,7936111","-63,84583333",0.0,1000.12,1269.02,27.25,80.29,4.64
2022-04-29,"-8,7936111","-63,84583333",0.0,1000.59,1269.02,27.76,75.75,4.64
2022-04-30,"-8,7936111","-63,84583333",0.0,1001.19,1269.02,27.38,76.12,4.64
2022-05-01,"-8,7936111","-63,84583333",0.0,1000.68,1269.02,27.33,74.92,4.64
2022-05-02,"-8,7936111","-63,84583333",0.0,1001.37,1269.02,27.42,74.83,4.64
2022-05-03,"-8,7936111","-63,84583333",37.0,1002.0,1269.02,26.5,78.46,4.64
2022-05-04,"-8,7936111","-63,84583333",0.0,1002.95,1269.02,25.08,82.88,4.64
2022-05-05,"-8,7936111","-63,84583333",0.0,1003.42,1269.02,24.48,83.71,4.64
2022-05-06,"-8,7936111","-63,84583333",0.0,1003.01,1269.02,26.01,80.5,4.64
2022-05-07,"-8,7936111","-63,84583333",0.0,1003.57,1269.02,26.71,75.12,4.64
2022-05-08,"-8,7936111","-63,84583333",0.0,1002.66,1269.02,27.6,73.75,4.64
2022-05-09,"-8,7936111","-63,84583333",0.0,1002.21,1269.02,26.21,78.83,4.64
2022-05-10,"-8,7936111","-63,84583333",0.0,1001.69,1269.02,26.62,80.25,4.64
2022-05-11,"-8,7936111","-63,84583333",0.0,1000.74,1269.02,26.55,75.79,4.64
2022-05-12,"-8,7936111","-63,84583333",0.2,1000.88,1269.02,27.08,74.79,4.64
2022-05-13,"-8,7936111","-63,84583333",0.0,1000.58,1269.02,26.77,73.25,4.64
2022-05-14,"-8,7936111","-63,84583333",4.8,1000.5,1269.02,26.4,79.21,4.64
2022-05-15,"-8,7936111","-63,84583333",0.0,1000.71,1269.02,26.65,80.54,4.64
2022-05-16,"-8,7936111","-63,84583333",3.4,1003.01,1269.02,24.95,82.75,4.64
2022-05-17,"-8,7936111","-63,84583333",0.0,1005.85,1269.02,23.82,82.92,4.64
2022-05-18,"-8,7936111","-63,84583333",0.0,1007.24,1269.02,22.4,66.92,4.64
2022-05-19,"-8,7936111","-63,84583333",0.0,1006.32,1269.02,21.21,58.79,4.64
2022-05-20,"-8,7936111","-63,84583333",0.0,1005.98,1269.02,21.12,63.29,4.64
2022-05-21,"-8,7936111","-63,84583333",0.0,1005.81,1269.02,22.82,65.96,4.64
2022-05-22,"-8,7936111","-63,84583333",0.0,1005.69,1269.02,24.44,69.42,4.64
2022-05-23,"-8,7936111","-63,84583333",0.0,1003.38,1269.02,25.63,71.21,4.64
2022-05-24,"-8,7936111","-63,84583333",0.0,1001.85,1269.02,26.22,68.83,4.64
2022-05-25,"-8,7936111","-63,84583333",0.0,1002.17,1269.02,25.97,69.42,4.64
2022-05-26,"-8,7936111","-63,84583333",0.0,1002.49,1269.02,26.97,72.04,4.64
2022-05-27,"-8,7936111","-63,84583333",0.0,1002.39,1269.02,27.2,71.29,4.64
2022-05-28,"-8,7936111","-63,84583333",0.0,1001.06,1269.02,26.19,70.96,4.64
2022-05-29,"-8,7936111","-63,84583333",7.2,1000.51,1269.02,26.7,72.17,4.64
2022-05-30,"-8,7936111","-63,84583333",6.2,1000.25,1269.02,25.01,80.88,4.64
2022-05-31,"-8,7936111","-63,84583333",0.0,999.52,1269.02,26.27,80.21,4.64
2022-06-01,"-8,7936111","-63,84583333",0.0,1000.35,1269.02,26.3,77.88,4.64
2022-06-02,"-8,7936111","-63,84583333",0.2,1001.51,1269.02,25.97,80.08,4.64
2022-06-03,"-8,7936111","-63,84583333",10.8,1002.43,1269.02,25.61,83.0,4.64
2022-06-04,"-8,7936111","-63,84583333",0.0,1002.75,1269.02,25.34,83.46,4.64
2022-06-05,"-8,7936111","-63,84583333",0.0,1001.9,1269.02,24.78,80.2,4.64
2022-07-11,"-8,7936111","-63,84583333",0.0,1000.0,1602.1,31.92,75.35,5.41
2022-07-12,"-8,7936111","-63,84583333",0.0,1001.46,551.43,26.78,75.35,3.11
2022-07-13,"-8,7936111","-63,84583333",0.0,1001.9,870.83,27.18,75.35,3.28
2022-07-14,"-8,7936111","-63,84583333",0.0,1001.36,807.42,26.7,75.35,3.04
2022-07-15,"-8,7936111","-63,84583333",0.0,1000.69,651.89,26.88,75.35,3.0
2022-07-16,"-8,7936111","-63,84583333",1.4,1000.78,721.51,28.4,75.35,4.19
2022-07-17,"-8,7936111","-63,84583333",0.0,1001.52,799.39,27.7,75.35,3.45
2022-07-18,"-8,7936111","-63,84583333",0.0,1002.88,756.91,26.29,75.35,3.84
2022-07-19,"-8,7936111","-63,84583333",0.0,1003.15,873.93,27.2,75.35,3.75
2022-07-20,"-8,7936111","-63,84583333",0.0,1001.91,829.38,26.3,75.35,3.03
2022-07-21,"-8,7936111","-63,84583333",0.0,1001.1,732.48,26.06,75.35,2.49
2022-07-22,"-8,7936111","-63,84583333",0.0,1000.51,769.55,26.46,75.35,2.48
2022-07-23,"-8,7936111","-63,84583333",0.0,1000.51,602.56,26.86,75.35,2.36
2022-07-24,"-8,7936111","-63,84583333",0.0,1000.45,730.64,27.2,75.35,2.79
2022-07-25,"-8,7936111","-63,84583333",0.0,1001.34,896.26,26.24,75.35,3.01
2022-07-26,"-8,7936111","-63,84583333",0.0,1001.82,864.47,26.31,75.35,3.19
2022-07-27,"-8,7936111","-63,84583333",0.0,1001.98,767.98,26.4,75.35,2.69
2022-07-28,"-8,7936111","-63,84583333",0.0,1001.25,813.96,25.9,75.35,3.06
2022-07-29,"-8,7936111","-63,84583333",0.0,1002.0,902.81,25.88,75.35,2.79
2022-07-30,"-8,7936111","-63,84583333",0.0,1001.96,832.2,26.5,75.35,3.37
2022-07-31,"-8,7936111","-63,84583333",0.0,1001.69,905.75,26.89,75.35,3.2
2022-08-01,"-8,7936111","-63,84583333",0.0,1001.27,749.62,26.68,75.35,2.82
2022-08-02,"-8,7936111","-63,84583333",0.0,1000.28,842.93,28.09,75.35,3.57
2022-08-03,"-8,7936111","-63,84583333",0.0,999.8,727.1,27.77,75.35,3.05
2022-08-04,"-8,7936111","-63,84583333",0.4,999.67,418.68,26.64,75.35,3.12
2022-08-05,"-8,7936111","-63,84583333",0.0,1000.25,490.72,26.43,75.35,3.22
2022-08-06,"-8,7936111","-63,84583333",4.4,1000.66,700.1,26.14,75.35,3.9
2022-08-07,"-8,7936111","-63,84583333",0.0,1000.45,805.55,28.15,75.35,3.12
2022-08-08,"-8,7936111","-63,84583333",6.8,1001.25,309.48,25.56,75.35,3.38
2022-08-09,"-8,7936111","-63,84583333",0.2,1002.25,844.35,26.63,75.35,3.46
2022-08-10,"-8,7936111","-63,84583333",0.0,1006.1,870.95,25.16,75.35,6.56
2022-08-11,"-8,7936111","-63,84583333",0.0,1004.59,951.5,24.8,75.35,3.78
2022-08-12,"-8,7936111","-63,84583333",0.0,1003.76,910.35,25.79,75.35,2.57
2022-08-13,"-8,7936111","-63,84583333",0.0,1003.03,831.62,27.05,75.35,3.14
2022-08-14,"-8,7936111","-63,84583333",0.0,1002.35,724.45,27.42,75.35,2.51
2022-08-15,"-8,7936111","-63,84583333",0.0,1001.15,725.82,28.54,75.35,4.52
2022-08-16,"-8,7936111","-63,84583333",0.0,1000.45,834.98,28.25,75.35,4.26
2022-08-17,"-8,7936111","-63,84583333",0.0,999.95,869.56,28.6,75.35,4.81
2022-08-18,"-8,7936111","-63,84583333",0.0,999.85,781.65,28.83,75.35,4.08
2022-08-19,"-8,7936111","-63,84583333",20.0,1004.73,284.59,23.15,75.35,7.28
2022-08-20,"-8,7936111","-63,84583333",0.0,1005.86,878.9,21.23,75.35,5.2
2022-08-21,"-8,7936111","-63,84583333",0.0,1005.24,886.42,23.12,75.35,3.35
2022-08-22,"-8,7936111","-63,84583333",0.0,1003.52,967.53,25.04,75.35,3.1
2022-08-23,"-8,7936111","-63,84583333",0.0,1002.1,935.04,26.54,75.35,3.47
2022-08-24,"-8,7936111","-63,84583333",0.0,1002.57,797.68,26.05,75.35,2.62
2022-08-25,"-8,7936111","-63,84583333",0.0,1002.3,683.73,26.86,75.35,2.52
2022-08-26,"-8,7936111","-63,84583333",0.0,1001.96,636.97,27.52,75.35,2.6
2022-08-27,"-8,7936111","-63,84583333",0.0,1001.01,684.12,28.74,75.35,4.38
2022-08-28,"-8,7936111","-63,84583333",5.2,1001.68,703.52,27.99,75.35,4.35
2022-08-29,"-8,7936111","-63,84583333",1.6,1002.96,868.71,25.84,75.35,4.62
2022-08-30,"-8,7936111","-63,84583333",0.0,1002.72,941.1,26.22,75.35,4.16
2022-08-31,"-8,7936111","-63,84583333",0.0,1002.13,898.32,28.48,75.35,3.68
2022-09-01,"-8,7936111","-63,84583333",0.0,999.74,897.24,28.0,75.35,3.04
2022-09-02,"-8,7936111","-63,84583333",0.0,999.94,799.97,28.19,75.35,2.56
2022-09-03,"-8,7936111","-63,84583333",0.0,1001.06,701.84,28.68,75.35,3.47
2022-09-04,"-8,7936111","-63,84583333",0.0,1001.45,844.3,28.01,75.35,3.83
2022-09-05,"-8,7936111","-63,84583333",0.0,1002.4,868.37,26.93,75.35,3.36
2022-09-06,"-8,7936111","-63,84583333",0.0,1003.12,845.28,27.45,75.35,3.26
2022-09-07,"-8,7936111","-63,84583333",0.0,1001.98,738.52,29.29,75.35,4.0
2022-09-08,"-8,7936111","-63,84583333",0.0,999.82,922.5,29.1,75.35,3.78
2022-09-09,"-8,7936111","-63,84583333",0.0,1000.36,872.32,29.23,75.35,4.34
2022-09-10,"-8,7936111","-63,84583333",3.6,1002.08,700.38,28.26,75.35,4.65
2022-09-11,"-8,7936111","-63,84583333",0.0,1002.66,850.06,27.25,75.35,4.41
2022-09-12,"-8,7936111","-63,84583333",0.0,1000.28,889.96,28.37,75.35,3.83
2022-09-13,"-8,7936111","-63,84583333",0.0,999.37,836.77,29.2,75.35,3.82
2022-09-14,"-8,7936111","-63,84583333",8.2,999.91,769.61,28.77,75.35,4.64
2022-09-15,"-8,7936111","-63,84583333",0.0,1003.13,795.46,26.22,75.35,5.52
2022-09-16,"-8,7936111","-63,84583333",0.0,1002.39,1035.44,27.12,75.35,4.96
2022-09-17,"-8,7936111","-63,84583333",0.0,999.89,856.8,28.55,75.35,3.29
2022-09-18,"-8,7936111","-63,84583333",0.0,999.53,645.67,28.68,75.35,4.52
2022-09-19,"-8,7936111","-63,84583333",0.0,999.73,996.55,29.0,75.35,4.8
2022-09-20,"-8,7936111","-63,84583333",0.0,999.14,935.85,29.78,75.35,4.6
2022-09-21,"-8,7936111","-63,84583333",0.0,998.31,1023.67,30.03,75.35,4.31
2022-09-22,"-8,7936111","-63,84583333",0.0,998.66,737.73,30.11,75.35,4.64
2022-09-23,"-8,7936111","-63,84583333",29.2,1001.64,462.61,26.1,75.35,4.3
2022-09-24,"-8,7936111","-63,84583333",6.8,1001.1,867.5,26.71,75.35,4.27
2022-09-25,"-8,7936111","-63,84583333",0.0,999.53,1047.1,28.19,75.35,3.02
2022-09-26,"-8,7936111","-63,84583333",0.0,999.16,828.99,28.65,75.35,2.62
2022-09-27,"-8,7936111","-63,84583333",9.0,999.85,689.1,28.25,75.35,4.24
2022-09-28,"-8,7936111","-63,84583333",5.8,999.2,819.32,27.27,75.35,3.91
2022-09-29,"-8,7936111","-63,84583333",0.0,999.09,750.17,27.85,75.35,4.13
2022-09-30,"-8,7936111","-63,84583333",0.0,1001.74,858.64,25.02,75.35,4.42
2022-10-01,"-8,7936111","-63,84583333",0.2,1002.28,935.09,27.0,75.35,3.64
2022-10-02,"-8,7936111","-63,84583333",52.4,1003.36,825.9,26.64,75.35,5.72
2022-10-03,"-8,7936111","-63,84583333",44.0,1002.29,762.18,26.12,75.35,2.86
2022-10-04,"-8,7936111","-63,84583333",0.2,1000.08,966.45,26.89,75.35,3.4
2022-10-05,"-8,7936111","-63,84583333",0.0,998.24,1006.16,28.82,75.35,3.96
2022-10-06,"-8,7936111","-63,84583333",0.0,997.94,1000.18,29.47,75.35,3.68
2022-10-07,"-8,7936111","-63,84583333",0.0,998.85,728.7,28.45,75.35,3.63
2022-10-08,"-8,7936111","-63,84583333",0.2,999.76,905.35,26.74,75.35,4.77
2022-10-09,"-8,7936111","-63,84583333",0.6,999.02,640.57,27.13,75.35,2.91
2022-10-10,"-8,7936111","-63,84583333",9.6,1000.44,820.08,26.86,75.35,4.02
2022-10-11,"-8,7936111","-63,84583333",12.2,1001.73,702.79,26.68,75.35,3.65
2022-10-12,"-8,7936111","-63,84583333",0.0,1000.68,808.71,27.39,75.35,3.17
2022-10-13,"-8,7936111","-63,84583333",25.8,1000.31,947.82,26.6,75.35,4.85
2022-10-14,"-8,7936111","-63,84583333",17.8,1001.76,526.76,25.5,75.35,4.22
2022-10-15,"-8,7936111","-63,84583333",1.2,1001.88,937.92,26.6,75.35,3.49
2022-10-16,"-8,7936111","-63,84583333",43.0,1000.7,823.5,26.33,75.35,4.4
2022-10-17,"-8,7936111","-63,84583333",1.6,1000.08,1017.62,26.23,75.35,2.93
2022-10-18,"-8,7936111","-63,84583333",0.0,1000.08,717.98,26.91,75.35,3.39
2022-10-19,"-8,7936111","-63,84583333",13.8,1000.85,650.48,27.15,75.35,2.79
2022-10-20,"-8,7936111","-63,84583333",0.0,999.61,858.42,27.8,75.35,4.4
2022-10-21,"-8,7936111","-63,84583333",18.4,999.13,584.31,26.43,75.35,3.79
2022-10-22,"-8,7936111","-63,84583333",7.6,999.87,781.59,26.26,75.35,3.67
2022-10-23,"-8,7936111","-63,84583333",0.0,1000.88,1009.02,27.16,75.35,3.6
2022-10-24,"-8,7936111","-63,84583333",0.0,1000.21,975.36,28.27,75.35,3.71
2022-10-25,"-8,7936111","-63,84583333",4.0,1000.15,473.72,26.21,75.35,4.04
2022-10-26,"-8,7936111","-63,84583333",2.4,998.11,958.24,26.9,75.35,4.43
2022-10-27,"-8,7936111","-63,84583333",0.0,997.27,680.03,27.01,75.35,3.83
2022-10-28,"-8,7936111","-63,84583333",13.8,998.65,150.58,24.78,75.35,3.07
2022-10-29,"-8,7936111","-63,84583333",0.2,999.2,871.34,26.75,75.35,3.67
2022-10-30,"-8,7936111","-63,84583333",0.0,997.7,990.92,27.99,75.35,4.3
2022-10-31,"-8,7936111","-63,84583333",0.0,997.92,982.56,28.34,75.35,3.19
2022-11-01,"-8,7936111","-63,84583333",30.2,1004.25,154.96,19.86,75.35,6.01
2022-11-02,"-8,7936111","-63,84583333",0.6,1007.1,1115.45,21.47,75.35,4.65
2022-11-03,"-8,7936111","-63,84583333",0.0,1005.06,1187.26,24.58,75.35,4.59
2022-11-04,"-8,7936111","-63,84583333",0.0,1003.07,1170.65,24.12,75.35,2.82
2022-11-05,"-8,7936111","-63,84583333",0.0,1001.37,1091.97,24.32,75.35,2.31
2022-11-06,"-8,7936111","-63,84583333",0.0,1001.05,1060.81,25.82,75.35,2.27
2022-11-07,"-8,7936111","-63,84583333",0.0,1000.52,1054.02,27.62,75.35,2.43
2022-11-08,"-8,7936111","-63,84583333",0.0,1000.3,934.15,28.23,75.35,2.9
2022-11-09,"-8,7936111","-63,84583333",0.0,999.55,848.76,28.94,75.35,3.71
2022-11-10,"-8,7936111","-63,84583333",0.0,998.78,918.07,29.51,75.35,4.85
2022-11-11,"-8,7936111","-63,84583333",0.8,999.71,771.42,26.69,75.35,4.79
2022-11-12,"-8,7936111","-63,84583333",0.0,999.56,749.25,25.94,75.35,2.82
2022-11-13,"-8,7936111","-63,84583333",0.6,998.08,903.51,27.85,75.35,5.46
2022-11-14,"-8,7936111","-63,84583333",0.0,998.41,889.91,28.13,75.35,4.93
2022-11-15,"-8,7936111","-63,84583333",35.2,1000.51,788.31,26.19,75.35,4.4
2022-11-16,"-8,7936111","-63,84583333",5.6,1001.93,845.36,26.08,75.35,3.06
2022-11-17,"-8,7936111","-63,84583333",9.4,999.66,1067.91,27.25,75.35,3.48
2022-11-18,"-8,7936111","-63,84583333",6.6,999.66,908.5,27.06,75.35,4.24
2022-11-19,"-8,7936111","-63,84583333",0.0,999.11,826.12,27.89,75.35,3.59
2022-11-20,"-8,7936111","-63,84583333",0.0,997.42,1025.12,28.99,75.35,4.05
2022-11-21,"-8,7936111","-63,84583333",28.0,996.77,499.0,26.49,75.35,3.6
2022-11-22,"-8,7936111","-63,84583333",2.0,998.7,332.31,25.08,75.35,3.88
2022-11-23,"-8,7936111","-63,84583333",8.6,999.45,918.38,25.58,75.35,3.86
2022-11-24,"-8,7936111","-63,84583333",0.0,999.0,679.06,26.81,75.35,2.1
2022-11-25,"-8,7936111","-63,84583333",18.8,1000.1,646.25,26.0,75.35,4.1
2022-11-26,"-8,7936111","-63,84583333",0.0,999.82,844.25,27.39,75.35,3.02
2022-11-27,"-8,7936111","-63,84583333",1.2,1000.19,601.06,26.12,75.35,3.93
2022-11-28,"-8,7936111","-63,84583333",0.0,997.6,695.84,26.67,75.35,3.96
2022-11-29,"-8,7936111","-63,84583333",0.0,995.5,947.44,27.52,75.35,4.8
2022-11-30,"-8,7936111","-63,84583333",7.0,994.28,869.83,28.68,75.35,6.05
2022-12-01,"-8,7936111","-63,84583333",22.8,994.67,378.09,25.92,75.35,3.41
2022-12-02,"-8,7936111","-63,84583333",15.2,997.24,389.96,24.14,75.35,3.89
2022-12-03,"-8,7936111","-63,84583333",6.0,998.89,1028.08,25.25,75.35,4.53
2022-12-04,"-8,7936111","-63,84583333",1.0,996.59,923.01,26.41,75.35,3.46
2022-12-05,"-8,7936111","-63,84583333",14.8,996.67,353.54,25.1,75.35,3.99
2022-12-06,"-8,7936111","-63,84583333",0.8,998.25,557.63,25.58,75.35,4.68
2022-12-07,"-8,7936111","-63,84583333",0.0,1000.09,985.08,26.97,75.35,3.33
2022-12-08,"-8,7936111","-63,84583333",3.0,998.98,434.23,26.32,75.35,3.07
2022-12-09,"-8,7936111","-63,84583333",3.2,999.11,819.7,26.45,75.35,4.06
2022-12-10,"-8,7936111","-63,84583333",0.0,999.16,867.29,27.01,75.35,3.3
2022-12-11,"-8,7936111","-63,84583333",0.2,1000.13,654.19,26.93,75.35,3.3
2022-12-12,"-8,7936111","-63,84583333",0.2,999.91,966.03,26.85,75.35,3.4
2022-12-13,"-8,7936111","-63,84583333",0.2,1000.08,566.96,25.7,75.35,3.67
2022-12-14,"-8,7936111","-63,84583333",0.0,1000.03,817.16,26.33,75.35,2.94
2022-12-15,"-8,7936111","-63,84583333",0.0,998.86,689.17,26.2,75.35,4.0
2022-12-16,"-8,7936111","-63,84583333",19.0,999.24,361.25,24.87,75.35,2.84
2022-12-17,"-8,7936111","-63,84583333",0.0,997.83,1069.73,26.99,75.35,4.03
2022-12-18,"-8,7936111","-63,84583333",0.2,997.46,919.95,26.88,75.35,3.74
2022-12-19,"-8,7936111","-63,84583333",35.4,1000.57,522.64,25.48,75.35,2.71
2022-12-20,"-8,7936111","-63,84583333",0.2,1000.92,658.08,26.08,75.35,4.03
2022-12-21,"-8,7936111","-63,84583333",8.2,1001.91,489.51,25.49,75.35,3.96
2022-12-22,"-8,7936111","-63,84583333",0.0,1000.25,941.86,27.21,75.35,3.9
2022-12-23,"-8,7936111","-63,84583333",16.8,999.62,893.76,27.22,75.35,4.98
2022-12-24,"-8,7936111","-63,84583333",13.0,998.3,547.85,25.81,75.35,5.68
2022-12-25,"-8,7936111","-63,84583333",0.6,999.08,343.79,25.1,75.35,3.18
2022-12-26,"-8,7936111","-63,84583333",0.0,1000.61,780.95,25.55,75.35,2.64
2022-12-27,"-8,7936111","-63,84583333",0.0,1000.45,1066.69,26.86,75.35,3.64
2022-12-28,"-8,7936111","-63,84583333",0.0,1000.99,1005.63,27.18,75.35,6.1
2022-12-29,"-8,7936111","-63,84583333",4.6,1000.97,786.92,26.46,75.35,4.45
2022-12-30,"-8,7936111","-63,84583333",45.8,1001.97,381.75,24.37,75.35,4.05
2022-12-31,"-8,7936111","-63,84583333",0.0,1000.92,635.5,25.78,75.35,2.18
2022-01-01,"-16,642841","-49,220222",0.0,928.06,609.1,21.42,88.25,2.95
2022-01-02,"-16,642841","-49,220222",0.0,929.09,1292.16,22.85,82.0,3.92
2022-01-03,"-16,642841","-49,220222",0.0,929.45,1523.14,23.98,76.54,4.55
2022-01-04,"-16,642841","-49,220222",0.0,927.98,1364.96,24.18,74.33,3.8
2022-01-05,"-16,642841","-49,220222",0.0,927.95,1451.41,24.74,72.21,4.5
2022-01-06,"-16,642841","-49,220222",0.0,927.76,1020.81,23.6,82.75,4.15
2022-01-07,"-16,642841","-49,220222",0.0,928.28,491.16,22.48,87.83,3.97
2022-01-08,"-16,642841","-49,220222",0.0,928.24,482.67,21.57,90.33,2.74
2022-01-09,"-16,642841","-49,220222",0.0,928.5,801.42,22.49,86.42,4.01
2022-01-10,"-16,642841","-49,220222",0.0,928.71,670.06,22.34,84.92,3.92
2022-01-11,"-16,642841","-49,220222",0.0,928.97,675.49,21.45,86.17,3.47
2022-01-12,"-16,642841","-49,220222",0.0,930.85,608.48,21.89,83.96,3.04
2022-01-13,"-16,642841","-49,220222",0.0,933.35,1412.66,23.28,76.62,3.25
2022-01-14,"-16,642841","-49,220222",0.0,934.75,1905.42,25.58,66.75,3.63
2022-01-15,"-16,642841","-49,220222",0.0,934.53,2297.77,25.64,56.12,3.96
2022-01-16,"-16,642841","-49,220222",0.0,932.65,2029.92,25.4,54.29,3.74
2022-01-17,"-16,642841","-49,220222",0.0,931.92,1534.55,25.27,64.58,3.97
2022-01-18,"-16,642841","-49,220222",0.0,932.88,1497.46,24.45,71.0,4.11
2022-01-19,"-16,642841","-49,220222",0.0,934.0,1970.32,24.8,66.54,4.28
2022-01-20,"-16,642841","-49,220222",0.0,933.04,2172.37,25.65,60.54,3.55
2022-01-21,"-16,642841","-49,220222",0.0,931.45,2155.15,25.05,61.08,3.84
2022-01-22,"-16,642841","-49,220222",0.0,930.9,1843.56,25.29,69.46,3.2
2022-01-23,"-16,642841","-49,220222",0.0,930.38,1982.76,25.54,64.83,3.65
2022-01-24,"-16,642841","-49,220222",0.0,929.75,2204.25,27.01,58.79,2.81
2022-01-25,"-16,642841","-49,220222",0.0,930.01,1336.1,24.88,70.83,3.48
2022-01-26,"-16,642841","-49,220222",0.0,930.82,1346.91,23.34,76.83,3.19
2022-01-27,"-16,642841","-49,220222",0.0,930.11,1818.16,24.17,71.42,3.8
2022-01-28,"-16,642841","-49,220222",0.0,928.77,1832.97,23.75,74.92,4.65
2022-01-29,"-16,642841","-49,220222",0.0,928.72,1224.58,23.76,71.58,4.5
2022-01-30,"-16,642841","-49,220222",0.0,929.92,1400.22,23.82,73.88,4.88
2022-01-31,"-16,642841","-49,220222",0.0,930.77,1251.82,23.99,71.83,4.87
2022-02-01,"-16,642841","-49,220222",0.0,931.03,1250.98,23.57,74.04,4.54
2022-02-02,"-16,642841","-49,220222",0.0,931.65,1380.83,24.13,75.62,3.23
2022-02-03,"-16,642841","-49,220222",0.0,931.8,1765.38,24.88,71.33,3.79
2022-02-04,"-16,642841","-49,220222",0.0,931.46,1736.73,26.15,64.42,3.28
2022-02-05,"-16,642841","-49,220222",0.0,930.18,1260.78,25.78,67.58,3.4
2022-02-06,"-16,642841","-49,220222",0.0,931.22,1400.35,23.55,77.25,3.79
2022-02-07,"-16,642841","-49,220222",0.0,930.93,1304.2,23.7,77.04,3.15
2022-02-08,"-16,642841","-49,220222",0.0,930.21,1681.83,22.92,81.58,3.14
2022-02-09,"-16,642841","-49,220222",0.0,928.98,1654.4,23.49,78.67,3.72
2022-02-10,"-16,642841","-49,220222",0.0,928.78,641.83,21.89,84.12,5.01
2022-02-11,"-16,642841","-49,220222",0.0,929.45,1081.73,22.05,83.54,4.96
2022-02-12,"-16,642841","-49,220222",0.0,929.07,1539.07,23.77,78.46,3.05
2022-02-13,"-16,642841","-49,220222",0.0,929.65,1562.76,23.61,77.17,4.45
2022-02-14,"-16,642841","-49,220222",0.0,930.15,1090.05,23.95,78.71,2.95
2022-02-15,"-16,642841","-49,220222",0.0,930.9,1829.58,25.27,72.12,2.82
2022-02-16,"-16,642841","-49,220222",0.0,931.34,1907.15,24.8,73.5,3.66
2022-02-17,"-16,642841","-49,220222",0.0,931.38,1360.11,22.96,78.46,4.66
2022-02-18,"-16,642841","-49,220222",0.0,928.41,1619.33,23.97,71.5,3.12
2022-02-19,"-16,642841","-49,220222",0.0,929.48,321.7,21.1,86.92,2.64
2022-02-20,"-16,642841","-49,220222",0.0,931.94,999.12,21.45,85.04,2.93
2022-02-21,"-16,642841","-49,220222",0.0,933.11,1199.82,22.86,82.54,2.85
2022-02-22,"-16,642841","-49,220222",0.0,932.54,1896.25,24.45,71.62,3.44
2022-02-23,"-16,642841","-49,220222",0.0,930.71,1778.79,25.58,67.12,2.91
2022-02-24,"-16,642841","-49,220222",0.0,931.88,1484.64,24.1,76.04,3.18
2022-02-25,"-16,642841","-49,220222",0.0,932.65,1738.98,25.48,68.17,3.48
2022-02-26,"-16,642841","-49,220222",0.0,932.46,2000.3,26.4,64.92,4.34
2022-02-27,"-16,642841","-49,220222",0.0,931.1,1975.64,26.49,59.92,3.16
2022-02-28,"-16,642841","-49,220222",0.0,930.38,2024.9,26.46,57.08,3.05
2022-03-01,"-16,642841","-49,220222",0.0,930.62,1807.82,26.61,55.33,3.41
2022-03-02,"-16,642841","-49,220222",0.0,931.38,1895.07,25.25,62.54,4.39
2022-03-03,"-16,642841","-49,220222",0.0,932.48,1069.65,22.41,75.75,3.33
2022-03-04,"-16,642841","-49,220222",0.0,931.93,1226.5,21.64,78.46,3.14
2022-03-05,"-16,642841","-49,220222",0.0,930.87,1787.58,23.35,74.54,3.67
2022-03-06,"-16,642841","-49,220222",0.0,930.57,1855.21,24.9,64.67,3.85
2022-03-07,"-16,642841","-49,220222",0.0,930.3,1681.52,25.71,62.83,3.14
2022-03-08,"-16,642841","-49,220222",0.0,931.0,1726.71,25.4,63.42,4.02
2022-03-09,"-16,642841","-49,220222",0.0,930.75,1838.29,24.73,60.83,2.4
2022-03-10,"-16,642841","-49,220222",0.0,930.63,1823.08,25.62,60.42,2.8
2022-03-11,"-16,642841","-49,220222",1.0,930.35,1562.85,25.81,65.46,2.83
2022-03-12,"-16,642841","-49,220222",24.6,931.07,1406.94,23.28,77.83,4.45
2022-03-13,"-16,642841","-49,220222",0.0,931.77,1626.47,24.87,73.17,3.67
2022-03-14,"-16,642841","-49,220222",5.6,930.27,1265.32,23.76,78.17,4.34
2022-03-15,"-16,642841","-49,220222",8.4,930.42,1550.01,23.66,77.92,2.47
2022-03-16,"-16,642841","-49,220222",7.0,930.79,928.68,22.59,85.75,2.24
2022-03-17,"-16,642841","-49,220222",3.6,931.78,1806.52,24.55,74.92,3.63
2022-03-18,"-16,642841","-49,220222",0.0,932.52,1548.19,24.84,73.04,3.19
2022-03-19,"-16,642841","-49,220222",0.0,931.54,1416.52,25.59,69.21,2.38
2022-03-20,"-16,642841","-49,220222",0.0,930.88,1800.37,26.14,62.83,3.08
2022-03-21,"-16,642841","-49,220222",0.0,930.94,1739.46,25.85,59.71,3.4
2022-03-22,"-16,642841","-49,220222",0.0,931.69,1682.25,25.27,60.96,4.6
2022-03-23,"-16,642841","-49,220222",0.0,931.78,1644.88,25.11,62.25,3.46
2022-03-24,"-16,642841","-49,220222",0.0,931.29,1520.82,25.26,64.38,3.35
2022-03-25,"-16,642841","-49,220222",1.4,931.14,989.08,24.37,76.62,2.89
2022-03-26,"-16,642841","-49,220222",0.0,930.04,1640.74,25.41,69.62,2.17
2022-03-27,"-16,642841","-49,220222",4.4,931.17,1322.13,24.39,73.21,3.58
2022-03-28,"-16,642841","-49,220222",2.0,932.22,1166.92,23.47,77.42,2.72
2022-03-29,"-16,642841","-49,220222",0.0,931.17,1574.86,25.72,64.75,3.7
2022-03-30,"-16,642841","-49,220222",0.0,930.58,1874.45,24.88,69.42,3.01
2022-03-31,"-16,642841","-49,220222",0.0,930.4,1482.35,25.51,64.96,2.37
2022-04-01,"-16,642841","-49,220222",0.0,932.5,1569.72,25.59,63.71,4.28
2022-04-02,"-16,642841","-49,220222",0.0,932.82,1581.95,26.3,60.0,4.01
2022-04-03,"-16,642841","-49,220222",0.0,932.23,1734.04,25.7,59.96,3.79
2022-04-04,"-16,642841","-49,220222",0.0,931.97,1740.65,25.58,56.58,3.8
2022-04-05,"-16,642841","-49,220222",0.0,932.03,1940.3,25.49,54.38,3.55
2022-04-06,"-16,642841","-49,220222",0.0,931.31,1667.48,25.88,59.83,2.72
2022-04-07,"-16,642841","-49,220222",0.0,930.65,1796.91,26.36,59.21,2.95
2022-04-08,"-16,642841","-49,220222",0.0,931.58,1381.58,25.19,68.29,2.83
2022-04-09,"-16,642841","-49,220222",0.0,931.83,1301.38,24.22,72.79,2.62
2022-04-10,"-16,642841","-49,220222",12.2,930.32,1198.82,23.93,76.62,3.34
2022-04-11,"-16,642841","-49,220222",0.0,929.47,1630.38,24.97,71.38,2.53
2022-04-12,"-16,642841","-49,220222",1.6,930.03,1256.59,25.05,72.75,2.82
2022-04-13,"-16,642841","-49,220222",0.2,929.96,1345.62,24.9,72.83,2.9
2022-04-14,"-16,642841","-49,220222",0.2,929.83,1641.46,25.0,69.5,3.78
2022-04-15,"-16,642841","-49,220222",0.0,930.13,1566.02,24.18,68.29,3.76
2022-04-16,"-16,642841","-49,220222",0.0,931.38,1839.11,23.0,64.62,3.54
2022-04-17,"-16,642841","-49,220222",0.0,931.85,1606.3,22.14,61.75,2.85
2022-04-18,"-16,642841","-49,220222",0.0,931.95,1628.62,24.13,63.88,3.09
2022-04-19,"-16,642841","-49,220222",0.0,932.54,1494.75,24.0,61.83,3.31
2022-04-20,"-16,642841","-49,220222",0.0,932.74,1812.79,23.68,57.04,3.24
2022-04-21,"-16,642841","-49,220222",0.0,932.0,1755.84,23.18,55.79,3.1
2022-04-22,"-16,642841","-49,220222",0.0,930.04,1749.94,24.19,56.96,3.5
2022-04-23,"-16,642841","-49,220222",0.0,931.17,1633.65,23.46,65.42,2.58
2022-04-24,"-16,642841","-49,220222",0.0,932.82,1516.58,24.68,64.25,3.18
2022-04-25,"-16,642841","-49,220222",0.0,932.76,1487.36,25.11,59.0,4.0
2022-04-26,"-16,642841","-49,220222",0.0,932.67,1693.48,24.85,58.83,3.68
2022-04-27,"-16,642841","-49,220222",0.0,932.19,1406.53,24.02,61.96,2.81
2022-04-28,"-16,642841","-49,220222",0.0,933.6,1378.59,25.23,55.83,3.49
2022-04-29,"-16,642841","-49,220222",0.0,933.66,1605.74,24.35,57.62,4.28
2022-04-30,"-16,642841","-49,220222",0.0,933.44,1638.09,23.74,56.5,3.76
2022-05-01,"-16,642841","-49,220222",0.0,932.74,1463.07,22.9,54.46,2.96
2022-05-02,"-16,642841","-49,220222",0.0,932.7,1458.98,23.72,55.83,2.89
2022-05-03,"-16,642841","-49,220222",0.0,932.15,1384.61,25.6,54.12,3.13
2022-05-04,"-16,642841","-49,220222",0.0,932.16,1173.59,23.44,69.71,3.01
2022-05-05,"-16,642841","-49,220222",3.6,933.73,1084.67,21.93,68.75,3.68
2022-05-06,"-16,642841","-49,220222",0.0,934.46,1555.46,23.49,64.0,3.31
2022-05-07,"-16,642841","-49,220222",0.0,934.51,1060.04,23.55,68.46,2.88
2022-05-08,"-16,642841","-49,220222",0.0,933.85,981.09,24.18,68.17,3.18
2022-05-09,"-16,642841","-49,220222",0.0,934.08,1448.88,23.78,63.67,2.69
2022-05-10,"-16,642841","-49,220222",0.0,933.2,1178.75,22.89,62.46,2.38
2022-05-11,"-16,642841","-49,220222",0.0,932.62,1332.57,22.87,63.33,3.21
2022-05-12,"-16,642841","-49,220222",0.0,932.63,1203.77,23.09,66.92,2.58
2022-05-13,"-16,642841","-49,220222",0.0,933.1,1131.38,23.41,65.42,3.0
2022-05-14,"-16,642841","-49,220222",0.0,932.61,1118.34,24.59,59.17,3.29
2022-05-15,"-16,642841","-49,220222",0.0,931.62,1215.23,24.13,62.71,2.73
2022-05-16,"-16,642841","-49,220222",0.0,933.48,1164.27,22.64,71.5,4.13
2022-05-17,"-16,642841","-49,220222",0.0,934.99,987.41,19.82,66.54,5.59
2022-05-18,"-16,642841","-49,220222",0.0,935.75,1459.41,14.62,49.75,5.82
2022-05-19,"-16,642841","-49,220222",0.0,934.49,1534.53,11.72,62.08,3.98
2022-05-20,"-16,642841","-49,220222",0.0,935.75,1447.9,14.52,60.17,3.19
2022-05-21,"-16,642841","-49,220222",0.0,936.6,1500.38,16.37,55.5,2.65
2022-05-22,"-16,642841","-49,220222",0.0,936.11,1485.96,17.68,55.29,2.65
2022-05-23,"-16,642841","-49,220222",0.0,935.07,1405.43,19.22,61.54,2.7
2022-05-24,"-16,642841","-49,220222",0.0,935.37,1450.36,21.22,58.88,3.32
2022-05-25,"-16,642841","-49,220222",0.0,936.84,1444.78,21.62,52.42,4.52
2022-05-26,"-16,642841","-49,220222",0.0,937.12,1367.1,20.78,55.96,4.08
2022-05-27,"-16,642841","-49,220222",0.0,935.49,1244.88,22.19,55.83,3.58
2022-05-28,"-16,642841","-49,220222",0.0,933.97,1331.98,22.21,57.58,2.72
2022-05-29,"-16,642841","-49,220222",0.0,932.58,1416.38,21.49,56.79,2.25
2022-05-30,"-16,642841","-49,220222",0.0,932.0,1419.14,21.22,56.58,1.95
2022-05-31,"-16,642841","-49,220222",0.0,931.8,1374.22,21.4,58.38,2.37
2022-06-01,"-16,642841","-49,220222",0.0,931.54,1406.15,22.24,54.29,2.94
2022-06-02,"-16,642841","-49,220222",0.0,932.39,1368.77,21.85,58.29,2.17
2022-06-03,"-16,642841","-49,220222",0.0,933.77,1353.75,21.98,56.62,3.21
2022-06-04,"-16,642841","-49,220222",0.0,933.85,1344.24,22.54,57.92,3.69
2022-06-05,"-16,642841","-49,220222",0.0,934.25,1361.68,22.98,56.33,4.5
2022-06-06,"-16,642841","-49,220222",0.0,933.42,1345.65,22.02,56.08,2.9
2022-06-07,"-16,642841","-49,220222",0.0,932.49,1345.98,21.99,58.5,2.15
2022-06-08,"-16,642841","-49,220222",0.0,931.75,1323.28,21.96,60.79,1.95
2022-06-09,"-16,642841","-49,220222",0.0,932.76,1281.23,23.68,59.17,3.7
2022-06-10,"-16,642841","-49,220222",0.0,933.67,994.35,21.47,68.12,3.7
2022-06-11,"-16,642841","-49,220222",0.0,934.26,955.58,20.28,71.08,3.74
2022-06-12,"-16,642841","-49,220222",0.0,935.11,556.75,19.09,74.67,4.21
2022-06-13,"-16,642841","-49,220222",0.0,935.44,1155.42,19.56,57.46,4.15
2022-06-14,"-16,642841","-49,220222",3.2,933.98,1281.55,21.22,53.71,3.83
2022-06-15,"-16,642841","-49,220222",0.2,934.65,1144.84,22.84,66.38,2.66
2022-06-16,"-16,642841","-49,220222",0.0,934.35,1345.4,23.32,56.83,3.22
2022-06-17,"-16,642841","-49,220222",0.0,932.51,1368.79,21.7,53.96,2.39
2022-06-18,"-16,642841","-49,220222",0.0,934.28,1211.15,20.28,64.92,3.82
2022-06-19,"-16,642841","-49,220222",0.0,934.72,1311.2,22.06,62.79,3.71
2022-06-20,"-16,642841","-49,220222",0.0,934.7,1327.82,21.88,56.42,3.07
2022-06-21,"-16,642841","-49,220222",0.0,934.58,1358.54,22.55,52.21,4.08
2022-06-22,"-16,642841","-49,220222",0.0,934.31,1367.43,21.3,52.12,3.12
2022-06-23,"-16,642841","-49,220222",0.0,934.8,1341.21,20.82,54.96,2.86
2022-06-24,"-16,642841","-49,220222",0.0,934.88,1371.78,21.29,54.62,2.88
2022-06-25,"-16,642841","-49,220222",0.0,935.15,1369.06,20.87,52.75,3.31
2022-06-26,"-16,642841","-49,220222",0.0,934.1,1355.73,20.0,53.58,2.83
2022-06-27,"-16,642841","-49,220222",0.0,934.14,1350.39,20.72,52.17,3.27
2022-06-28,"-16,642841","-49,220222",0.0,934.67,1343.88,20.78,54.54,2.91
2022-06-29,"-16,642841","-49,220222",0.0,935.2,1329.45,20.33,57.71,2.34
2022-06-30,"-16,642841","-49,220222",0.0,933.98,1269.96,20.17,58.79,2.28
2022-07-01,"-16,642841","-49,220222",0.0,933.89,1352.57,21.35,52.46,2.83
2022-07-02,"-16,642841","-49,220222",0.0,935.54,1352.45,21.14,54.75,3.17
2022-07-03,"-16,642841","-49,220222",0.0,937.57,1362.29,22.25,51.04,4.22
2022-07-04,"-16,642841","-49,220222",0.0,937.12,1416.62,20.81,48.5,4.59
2022-07-05,"-16,642841","-49,220222",0.0,936.06,1378.52,19.4,51.42,3.84
2022-07-06,"-16,642841","-49,220222",0.0,934.89,1398.89,21.28,48.96,3.84
2022-07-07,"-16,642841","-49,220222",0.0,935.27,1373.62,20.5,54.58,2.71
2022-07-08,"-16,642841","-49,220222",0.0,936.98,1348.06,21.62,55.25,3.11
2022-07-09,"-16,642841","-49,220222",0.0,936.75,1368.92,22.14,46.38,4.15
2022-07-10,"-16,642841","-49,220222",0.0,935.45,1404.14,22.05,47.96,4.42
2022-07-11,"-16,642841","-49,220222",0.0,933.73,1407.07,21.15,50.5,3.71
2022-07-12,"-16,642841","-49,220222",0.0,934.82,1350.01,19.86,56.08,2.42
2022-07-13,"-16,642841","-49,220222",0.0,934.55,1428.94,20.99,48.58,3.44
2022-07-14,"-16,642841","-49,220222",0.0,934.04,1403.15,21.97,44.92,3.9
2022-07-15,"-16,642841","-49,220222",0.0,933.5,1400.52,22.2,51.08,2.59
2022-07-16,"-16,642841","-49,220222",0.0,933.31,1370.3,22.23,52.04,2.28
2022-07-17,"-16,642841","-49,220222",0.0,935.14,1351.84,22.51,51.75,3.1
2022-07-18,"-16,642841","-49,220222",0.0,935.99,1437.18,22.4,44.83,4.35
2022-07-19,"-16,642841","-49,220222",0.0,936.79,1333.07,21.35,46.83,4.02
2022-07-20,"-16,642841","-49,220222",0.0,934.97,1429.49,21.38,48.38,4.56
2022-07-21,"-16,642841","-49,220222",0.0,934.14,1418.92,21.85,45.58,4.4
2022-07-22,"-16,642841","-49,220222",0.0,933.92,1028.65,21.63,47.54,3.38
2022-07-23,"-16,642841","-49,220222",0.0,933.97,1425.87,21.8,45.67,2.98
2022-07-24,"-16,642841","-49,220222",0.0,934.33,1429.22,22.0,45.5,3.34
2022-07-25,"-16,642841","-49,220222",0.0,934.98,1431.87,21.93,48.71,3.32
2022-07-26,"-16,642841","-49,220222",0.0,935.18,1461.58,22.7,44.58,4.0
2022-07-27,"-16,642841","-49,220222",0.0,935.18,1452.18,22.05,42.62,4.6
2022-07-28,"-16,642841","-49,220222",0.0,933.37,1442.96,21.25,48.58,2.39
2022-07-29,"-16,642841","-49,220222",0.0,932.97,1435.32,21.24,49.17,2.67
2022-07-30,"-16,642841","-49,220222",0.0,933.1,1396.59,21.09,50.92,2.72
2022-07-31,"-16,642841","-49,220222",0.0,933.71,1360.62,22.45,49.71,2.7
2022-08-01,"-16,642841","-49,220222",0.0,933.01,1420.07,23.51,45.17,2.85
2022-08-02,"-16,642841","-49,220222",0.0,932.6,1263.17,23.79,43.33,2.9
2022-08-03,"-16,642841","-49,220222",0.0,932.64,1459.52,23.96,41.62,3.39
2022-08-04,"-16,642841","-49,220222",0.0,932.31,1462.25,23.82,40.83,2.85
2022-08-05,"-16,642841","-49,220222",0.0,932.09,1337.88,23.28,46.08,2.22
2022-08-06,"-16,642841","-49,220222",0.0,931.66,1475.9,23.48,44.5,2.83
2022-08-07,"-16,642841","-49,220222",0.0,931.6,1504.86,24.22,41.62,2.66
2022-08-08,"-16,642841","-49,220222",0.0,932.48,1423.58,23.88,45.54,4.2
2022-08-09,"-16,642841","-49,220222",0.0,933.8,1336.8,25.05,44.29,4.11
2022-08-10,"-16,642841","-49,220222",0.0,935.54,1067.74,21.02,57.17,6.03
2022-08-11,"-16,642841","-49,220222",0.0,935.34,1536.08,17.28,46.42,3.93
2022-08-12,"-16,642841","-49,220222",0.0,935.3,1595.71,19.49,42.29,3.28
2022-08-13,"-16,642841","-49,220222",0.0,935.65,1508.57,22.68,43.79,3.01
2022-08-14,"-16,642841","-49,220222",0.0,934.85,1569.23,24.41,42.04,3.57
2022-08-15,"-16,642841","-49,220222",0.0,932.59,1588.52,24.87,35.38,3.82
2022-08-16,"-16,642841","-49,220222",0.0,932.38,1489.02,25.11,34.54,3.54
2022-08-17,"-16,642841","-49,220222",0.0,931.26,1532.25,25.6,33.71,4.25
2022-08-18,"-16,642841","-49,220222",0.0,931.5,1613.4,24.85,37.38,4.24
2022-08-19,"-16,642841","-49,220222",0.0,936.53,1538.3,21.69,52.0,6.3
2022-08-20,"-16,642841","-49,220222",0.0,935.75,1581.65,22.17,48.58,5.79
2022-08-21,"-16,642841","-49,220222",0.0,936.69,1653.82,23.34,39.88,6.77
2022-08-22,"-16,642841","-49,220222",0.0,935.98,1651.98,23.06,39.75,6.25
2022-08-23,"-16,642841","-49,220222",0.0,935.94,1708.75,22.74,36.92,5.98
2022-08-24,"-16,642841","-49,220222",0.0,935.83,1675.48,22.8,37.54,4.52
2022-08-25,"-16,642841","-49,220222",0.0,935.14,1636.29,23.72,32.92,3.93
2022-08-26,"-16,642841","-49,220222",0.0,934.69,1439.18,23.99,33.96,3.65
2022-08-27,"-16,642841","-49,220222",0.0,933.21,1677.69,24.91,34.33,3.75
2022-08-28,"-16,642841","-49,220222",0.0,933.88,1573.84,25.02,35.79,3.56
2022-08-29,"-16,642841","-49,220222",0.0,933.76,1661.27,24.73,34.96,3.93
2022-08-30,"-16,642841","-49,220222",0.0,934.07,1468.03,26.04,32.96,4.28
2022-08-31,"-16,642841","-49,220222",0.0,934.72,1628.59,25.08,39.12,5.88
2022-09-01,"-16,642841","-49,220222",0.0,933.69,1680.88,24.15,34.83,5.54
2022-09-02,"-16,642841","-49,220222",0.0,934.02,1751.72,23.27,33.08,3.43
2022-09-03,"-16,642841","-49,220222",0.0,933.82,1713.55,24.24,34.17,3.69
2022-09-04,"-16,642841","-49,220222",0.0,933.45,1697.62,25.58,29.67,3.52
2022-09-05,"-16,642841","-49,220222",0.0,934.13,1617.8,26.27,29.58,4.06
2022-09-06,"-16,642841","-49,220222",0.0,935.41,1667.79,26.84,30.96,5.95
2022-09-07,"-16,642841","-49,220222",0.0,933.54,1579.87,27.03,32.38,5.26
2022-09-08,"-16,642841","-49,220222",0.0,932.44,1455.46,26.82,31.83,4.33
2022-09-09,"-16,642841","-49,220222",0.0,932.88,1693.49,27.55,27.62,4.5
2022-09-10,"-16,642841","-49,220222",0.0,933.34,1711.96,28.12,24.33,4.3
2022-09-11,"-16,642841","-49,220222",0.0,931.95,1706.99,28.45,24.58,3.31
2022-09-12,"-16,642841","-49,220222",0.0,930.22,1574.82,29.51,24.29,3.15
2022-09-13,"-16,642841","-49,220222",0.0,929.29,1593.88,28.58,26.21,2.91
2022-09-14,"-16,642841","-49,220222",0.0,930.52,1381.42,27.52,32.46,3.62
2022-09-15,"-16,642841","-49,220222",0.0,932.88,1521.89,26.31,43.08,5.68
2022-09-16,"-16,642841","-49,220222",5.4,932.61,1508.3,25.11,56.29,4.68
2022-09-17,"-16,642841","-49,220222",0.0,931.02,1482.07,26.62,48.67,4.44
2022-09-18,"-16,642841","-49,220222",0.0,930.13,1526.3,26.7,50.08,4.33
2022-09-19,"-16,642841","-49,220222",0.0,930.71,1467.11,26.48,53.0,4.34
2022-09-20,"-16,642841","-49,220222",0.0,930.1,845.26,26.51,53.88,3.22
2022-09-21,"-16,642841","-49,220222",1.2,928.8,1495.7,26.84,55.5,2.83
2022-09-22,"-16,642841","-49,220222",8.6,930.11,388.42,23.97,72.21,3.42
2022-09-23,"-16,642841","-49,220222",0.0,932.72,408.04,21.61,83.08,2.82
2022-09-24,"-16,642841","-49,220222",0.0,932.55,1435.11,23.22,67.46,3.34
2022-09-25,"-16,642841","-49,220222",0.0,931.58,1589.19,26.62,49.58,4.61
2022-09-26,"-16,642841","-49,220222",0.0,931.96,1726.98,27.28,52.5,4.09
2022-09-27,"-16,642841","-49,220222",3.6,933.44,758.87,24.01,70.92,4.92
2022-09-28,"-16,642841","-49,220222",0.0,931.32,1229.1,25.07,60.75,3.52
2022-09-29,"-16,642841","-49,220222",5.8,931.89,1294.45,25.06,63.38,6.28
2022-09-30,"-16,642841","-49,220222",14.8,932.2,1748.24,25.73,63.88,4.57
2022-10-01,"-16,642841","-49,220222",7.2,933.08,1855.84,25.06,63.38,5.12
2022-10-02,"-16,642841","-49,220222",2.4,933.18,1782.07,25.6,59.38,5.09
2022-10-03,"-16,642841","-49,220222",0.0,932.11,1059.26,25.79,52.12,2.97
2022-10-04,"-16,642841","-49,220222",0.4,930.22,1465.46,25.51,58.17,3.66
2022-10-05,"-16,642841","-49,220222",0.6,930.73,1449.65,24.18,68.21,4.63
2022-10-06,"-16,642841","-49,220222",0.0,929.86,1519.13,27.05,53.67,4.76
2022-10-07,"-16,642841","-49,220222",0.0,931.47,360.3,22.28,75.83,3.57
2022-10-08,"-16,642841","-49,220222",0.0,930.47,1295.86,24.35,67.67,2.69
2022-10-09,"-16,642841","-49,220222",0.0,931.14,1613.26,25.1,67.92,4.05
2022-10-10,"-16,642841","-49,220222",1.0,933.7,1340.11,24.15,71.58,4.89
2022-10-11,"-16,642841","-49,220222",0.0,932.97,1625.32,25.84,57.42,4.28
2022-10-12,"-16,642841","-49,220222",0.0,931.82,1857.38,26.29,45.46,3.84
2022-10-13,"-16,642841","-49,220222",0.0,931.67,1996.98,26.87,43.54,4.88
2022-10-14,"-16,642841","-49,220222",0.0,932.58,1931.44,26.81,35.0,3.98
2022-10-15,"-16,642841","-49,220222",0.0,932.92,2023.15,28.1,32.42,5.7
2022-10-16,"-16,642841","-49,220222",0.0,931.35,2087.84,27.38,31.88,5.87
2022-10-17,"-16,642841","-49,220222",0.0,930.02,2070.57,27.58,34.38,3.88
2022-10-18,"-16,642841","-49,220222",0.0,930.72,1724.45,28.07,34.29,3.14
2022-10-19,"-16,642841","-49,220222",0.0,930.86,1781.58,30.08,29.0,4.13
2022-10-20,"-16,642841","-49,220222",0.0,929.57,1294.59,28.24,41.58,3.25
2022-10-21,"-16,642841","-49,220222",6.8,930.09,400.94,23.1,70.0,3.83
2022-10-22,"-16,642841","-49,220222",0.0,930.55,1652.12,23.75,69.88,3.08
2022-10-23,"-16,642841","-49,220222",58.4,931.76,1161.34,23.27,72.71,4.46
2022-10-24,"-16,642841","-49,220222",6.0,931.28,1607.84,23.16,77.17,2.89
2022-10-25,"-16,642841","-49,220222",0.2,930.17,1888.18,24.87,66.12,2.52
2022-10-26,"-16,642841","-49,220222",0.0,929.58,1956.35,26.13,58.62,3.44
2022-10-27,"-16,642841","-49,220222",0.2,930.13,1706.08,26.4,55.17,4.14
2022-10-28,"-16,642841","-49,220222",7.4,930.56,1691.72,24.5,67.21,4.12
2022-10-29,"-16,642841","-49,220222",0.6,931.04,894.89,23.74,72.38,3.79
2022-10-30,"-16,642841","-49,220222",0.2,928.86,886.14,24.47,71.79,2.41
2022-10-31,"-16,642841","-49,220222",16.2,929.42,936.98,24.01,76.42,3.69
2022-11-01,"-16,642841","-49,220222",0.4,931.66,1046.34,22.72,80.75,3.77
2022-11-02,"-16,642841","-49,220222",0.0,933.89,738.41,20.23,76.5,5.61
2022-11-03,"-16,642841","-49,220222",0.2,932.86,786.49,21.09,70.46,5.62
2022-11-04,"-16,642841","-49,220222",0.0,931.94,1491.18,21.92,61.75,5.19
2022-11-05,"-16,642841","-49,220222",0.0,931.1,1567.84,23.04,57.96,3.27
2022-11-06,"-16,642841","-49,220222",0.0,931.14,1770.7,24.73,52.38,3.22
2022-11-07,"-16,642841","-49,220222",0.0,931.0,1665.75,24.87,51.71,3.38
2022-11-08,"-16,642841","-49,220222",0.4,931.22,1030.38,23.72,61.96,4.29
2022-11-09,"-16,642841","-49,220222",0.0,931.46,1812.74,24.62,64.62,4.23
2022-11-10,"-16,642841","-49,220222",0.0,931.47,985.16,23.17,73.58,3.39
2022-11-11,"-16,642841","-49,220222",0.2,931.34,1243.01,23.97,63.5,3.92
2022-11-12,"-16,642841","-49,220222",1.2,931.0,1182.94,23.68,72.38,3.05
2022-11-13,"-16,642841","-49,220222",0.0,929.46,1852.89,25.93,59.75,3.63
2022-11-14,"-16,642841","-49,220222",1.2,930.24,1246.28,24.66,70.62,3.4
2022-11-15,"-16,642841","-49,220222",24.4,932.2,1227.79,22.92,82.58,3.19
2022-11-16,"-16,642841","-49,220222",0.0,931.57,1826.61,25.38,67.92,2.96
2022-11-17,"-16,642841","-49,220222",0.0,930.23,1983.61,26.45,56.42,3.29
2022-11-18,"-16,642841","-49,220222",0.0,929.05,1793.97,26.79,53.88,3.5
2022-11-19,"-16,642841","-49,220222",1.0,930.73,1550.75,24.02,63.88,4.96
2022-11-20,"-16,642841","-49,220222",0.6,931.3,1621.51,23.89,66.67,4.66
2022-11-21,"-16,642841","-49,220222",11.8,929.9,1499.92,24.48,66.54,4.02
2022-11-22,"-16,642841","-49,220222",7.4,930.18,1219.22,23.07,76.62,3.16
2022-11-23,"-16,642841","-49,220222",11.8,929.6,1509.8,23.71,74.21,3.71
2022-11-24,"-16,642841","-49,220222",3.0,928.3,1572.29,23.98,70.83,4.2
2022-11-25,"-16,642841","-49,220222",0.8,928.41,1758.22,24.62,68.42,4.84
2022-11-26,"-16,642841","-49,220222",0.0,929.08,1534.17,24.25,69.83,3.9
2022-11-27,"-16,642841","-49,220222",4.0,929.15,564.47,22.6,80.25,3.07
2022-11-28,"-16,642841","-49,220222",17.6,925.94,1273.57,23.15,78.12,4.38
2022-11-29,"-16,642841","-49,220222",18.0,924.19,1236.08,21.13,78.92,4.54
2022-11-30,"-16,642841","-49,220222",16.6,924.31,1374.11,21.94,74.0,5.96
2022-12-01,"-16,642841","-49,220222",0.0,926.67,1412.74,23.92,70.42,3.46
2022-12-02,"-16,642841","-49,220222",0.8,928.17,1236.53,24.68,70.12,2.87
2022-12-03,"-16,642841","-49,220222",35.2,929.51,996.43,22.88,80.25,3.71
2022-12-04,"-16,642841","-49,220222",3.4,929.16,830.35,22.26,84.46,2.55
2022-12-05,"-16,642841","-49,220222",0.0,930.14,805.91,22.64,84.08,2.99
2022-12-06,"-16,642841","-49,220222",0.0,932.9,1537.42,23.68,75.08,3.98
2022-12-07,"-16,642841","-49,220222",0.0,932.06,1172.34,24.53,71.62,2.69
2022-12-08,"-16,642841","-49,220222",0.6,928.82,1322.08,25.69,67.54,3.58
2022-12-09,"-16,642841","-49,220222",13.8,928.2,1454.05,25.23,72.17,3.67
2022-12-10,"-16,642841","-49,220222",62.4,930.37,1575.97,23.42,75.71,5.93
2022-12-11,"-16,642841","-49,220222",16.4,931.1,1287.76,23.82,76.54,3.6
2022-12-12,"-16,642841","-49,220222",0.0,929.82,1690.86,25.01,68.21,4.28
2022-12-13,"-16,642841","-49,220222",30.2,929.0,1290.05,23.82,75.0,4.3
2022-12-14,"-16,642841","-49,220222",8.8,928.61,1087.07,23.07,82.42,3.58
2022-12-15,"-16,642841","-49,220222",1.2,928.84,1459.02,24.08,76.75,4.27
2022-12-16,"-16,642841","-49,220222",4.2,927.49,1017.84,23.17,81.83,3.26
2022-12-17,"-16,642841","-49,220222",15.8,926.65,1580.64,23.93,76.21,4.14
2022-12-18,"-16,642841","-49,220222",34.0,928.44,1299.49,23.02,82.08,3.2
2022-12-19,"-16,642841","-49,220222",1.4,929.28,1140.79,23.33,83.54,2.75
2022-12-20,"-16,642841","-49,220222",15.2,929.18,833.01,22.17,86.04,4.8
2022-12-21,"-16,642841","-49,220222",9.6,928.71,932.69,22.37,83.67,3.8
2022-12-22,"-16,642841","-49,220222",0.0,928.39,1608.91,23.68,73.21,2.73
2022-12-23,"-16,642841","-49,220222",42.2,929.15,1715.81,23.18,74.62,2.95
2022-12-24,"-16,642841","-49,220222",14.4,929.42,1316.39,22.72,78.67,3.7
2022-12-25,"-16,642841","-49,220222",71.2,929.45,1218.69,23.22,82.25,3.12
2022-12-26,"-16,642841","-49,220222",17.2,929.93,672.13,22.22,86.88,3.32
2022-12-27,"-16,642841","-49,220222",0.8,930.85,1167.71,23.1,77.96,4.38
2022-12-28,"-16,642841","-49,220222",31.4,931.06,1563.29,24.7,70.0,4.6
2022-12-29,"-16,642841","-49,220222",2.2,931.88,1030.29,23.62,79.04,2.99
2022-12-30,"-16,642841","-49,220222",10.6,931.88,705.3,22.56,85.46,2.94
2022-12-31,"-16,642841","-49,220222",1.0,932.44,1072.19,23.0,79.83,2.68
2022-01-01,"-30,05361111","-51,17472221",0.0,999.84,2011.87,27.38,66.25,4.2
2022-01-02,"-30,05361111","-51,17472221",12.6,1000.82,1370.77,26.35,72.12,5.67
2022-01-03,"-30,05361111","-51,17472221",0.0,1002.46,1688.97,27.48,70.96,4.26
2022-01-04,"-30,05361111","-51,17472221",0.6,1000.18,727.98,26.18,77.38,3.58
2022-01-05,"-30,05361111","-51,17472221",53.4,1000.38,333.55,23.19,91.58,5.59
2022-01-06,"-30,05361111","-51,17472221",0.0,1007.76,1419.63,22.25,67.83,6.68
2022-01-07,"-30,05361111","-51,17472221",0.0,1009.52,1596.99,22.05,66.92,6.78
2022-01-08,"-30,05361111","-51,17472221",0.0,1009.88,1865.77,22.62,66.58,8.61
2022-01-09,"-30,05361111","-51,17472221",0.0,1010.51,1819.17,23.06,66.96,8.74
2022-01-10,"-30,05361111","-51,17472221",0.0,1007.66,1823.19,24.38,69.17,5.91
2022-01-11,"-30,05361111","-51,17472221",0.0,1004.6,2078.63,25.65,68.83,4.72
2022-01-12,"-30,05361111","-51,17472221",0.0,1005.95,2058.53,25.58,71.33,5.0
2022-01-13,"-30,05361111","-51,17472221",0.0,1008.18,2060.35,26.12,69.92,4.9
2022-01-14,"-30,05361111","-51,17472221",0.0,1009.03,1910.54,28.01,63.35,5.09
2022-01-15,"-30,05361111","-51,17472221",0.0,1007.47,1714.59,29.66,62.67,4.89
2022-01-16,"-30,05361111","-51,17472221",17.8,1002.12,1826.41,30.98,60.04,6.08
2022-01-17,"-30,05361111","-51,17472221",18.8,1002.23,1381.6,26.65,77.38,5.94
2022-01-18,"-30,05361111","-51,17472221",14.8,1006.79,400.49,24.42,87.5,4.35
2022-01-19,"-30,05361111","-51,17472221",0.0,1008.55,1885.54,28.69,71.65,3.53
2022-01-20,"-30,05361111","-51,17472221",0.0,1007.3,1514.79,29.5,70.21,3.99
2022-01-21,"-30,05361111","-51,17472221",0.0,1005.61,1892.06,28.89,72.75,5.38
2022-01-22,"-30,05361111","-51,17472221",0.0,1003.28,1910.48,30.72,66.21,4.78
2022-01-23,"-30,05361111","-51,17472221",4.6,1003.23,901.14,30.07,66.33,3.4
2022-01-24,"-30,05361111","-51,17472221",0.4,1004.5,1903.09,29.26,77.62,3.74
2022-01-25,"-30,05361111","-51,17472221",0.0,1003.66,1753.03,29.55,69.42,5.34
2022-01-26,"-30,05361111","-51,17472221",56.8,1000.37,1570.37,27.62,75.96,5.1
2022-01-27,"-30,05361111","-51,17472221",13.0,1004.45,410.08,23.64,85.75,6.78
2022-01-28,"-30,05361111","-51,17472221",0.0,1008.12,1392.97,21.84,71.0,6.26
2022-01-29,"-30,05361111","-51,17472221",0.0,1007.22,1709.23,22.15,66.54,6.24
2022-01-30,"-30,05361111","-51,17472221",0.0,1005.6,1552.87,23.8,66.38,6.18
2022-01-31,"-30,05361111","-51,17472221",2.4,1002.11,1772.33,24.87,68.62,4.14
2022-02-01,"-30,05361111","-51,17472221",0.2,1006.13,1814.69,24.75,73.92,5.58
2022-02-02,"-30,05361111","-51,17472221",0.0,1006.75,1940.6,25.7,70.96,4.88
2022-02-03,"-30,05361111","-51,17472221",0.0,1004.2,1807.89,28.12,68.67,4.9
2022-02-04,"-30,05361111","-51,17472221",0.0,1001.29,1117.07,27.35,74.38,4.55
2022-02-05,"-30,05361111","-51,17472221",5.8,999.62,1065.56,25.19,82.5,4.17
2022-02-06,"-30,05361111","-51,17472221",0.0,1004.21,1744.36,24.18,74.7,5.87
2022-02-07,"-30,05361111","-51,17472221",0.0,1008.1,1947.4,22.49,58.17,5.56
2022-02-08,"-30,05361111","-51,17472221",0.0,1008.69,1737.64,22.68,65.67,5.45
2022-02-09,"-30,05361111","-51,17472221",0.0,1008.71,1692.41,22.57,72.92,4.46
2022-02-10,"-30,05361111","-51,17472221",0.0,1006.33,1990.95,24.45,68.75,6.11
2022-02-11,"-30,05361111","-51,17472221",0.0,1005.53,1827.03,26.22,68.75,5.21
2022-02-12,"-30,05361111","-51,17472221",0.0,1005.43,1890.85,26.93,65.38,4.39
2022-02-13,"-30,05361111","-51,17472221",2.4,1004.83,422.51,22.65,85.38,3.73
2022-02-14,"-30,05361111","-51,17472221",0.4,1005.9,2073.99,22.77,66.17,4.06
2022-02-15,"-30,05361111","-51,17472221",0.0,1008.3,2059.99,24.06,59.04,3.51
2022-02-16,"-30,05361111","-51,17472221",0.0,1008.44,2039.29,24.83,63.54,5.53
2022-02-17,"-30,05361111","-51,17472221",0.0,1005.93,1844.02,24.61,71.62,5.16
2022-02-18,"-30,05361111","-51,17472221",0.0,1005.3,1883.82,24.96,72.29,6.45
2022-02-19,"-30,05361111","-51,17472221",0.0,1003.44,2114.99,24.75,65.54,4.93
2022-02-20,"-30,05361111","-51,17472221",0.0,1002.35,1823.94,26.26,64.42,4.19
2022-02-21,"-30,05361111","-51,17472221",6.6,1006.5,1133.05,24.66,79.42,4.18
2022-02-22,"-30,05361111","-51,17472221",0.4,1008.06,1217.74,25.6,78.58,4.34
2022-02-23,"-30,05361111","-51,17472221",0.0,1008.52,1638.22,24.5,73.54,3.87
2022-02-24,"-30,05361111","-51,17472221",0.2,1007.53,2053.14,25.29,74.04,4.93
2022-02-25,"-30,05361111","-51,17472221",0.2,1008.01,1900.45,27.28,71.42,5.44
2022-02-26,"-30,05361111","-51,17472221",0.0,1009.02,1948.47,28.7,67.79,4.29
2022-02-27,"-30,05361111","-51,17472221",0.0,1004.59,1580.75,28.91,67.83,4.27
2022-02-28,"-30,05361111","-51,17472221",12.8,1003.44,703.96,25.07,82.96,5.63
2022-03-01,"-30,05361111","-51,17472221",0.2,1007.03,572.65,23.26,82.61,4.63
2022-03-02,"-30,05361111","-51,17472221",0.0,1006.07,1509.13,25.32,73.79,4.75
2022-03-03,"-30,05361111","-51,17472221",0.0,1006.77,1630.64,25.73,77.21,3.69
2022-03-04,"-30,05361111","-51,17472221",0.0,1006.56,1748.62,26.08,72.04,3.8
2022-03-05,"-30,05361111","-51,17472221",0.6,1003.76,1872.59,27.88,73.33,4.14
2022-03-06,"-30,05361111","-51,17472221",56.4,1003.26,853.99,25.21,84.88,5.58
2022-03-07,"-30,05361111","-51,17472221",5.0,1003.05,1284.35,25.18,82.67,5.0
2022-03-08,"-30,05361111","-51,17472221",0.2,1007.72,1086.72,23.88,80.79,4.13
2022-03-09,"-30,05361111","-51,17472221",0.0,1008.12,1540.68,25.14,78.71,6.18
2022-03-10,"-30,05361111","-51,17472221",7.8,1004.05,1129.98,25.62,81.79,4.66
2022-03-11,"-30,05361111","-51,17472221",21.2,1005.83,392.64,21.37,93.0,4.8
2022-03-12,"-30,05361111","-51,17472221",0.0,1011.01,1034.19,19.76,76.79,4.16
2022-03-13,"-30,05361111","-51,17472221",1.8,1010.88,557.13,19.42,84.83,5.98
2022-03-14,"-30,05361111","-51,17472221",2.8,1007.86,550.32,20.85,88.04,4.71
2022-03-15,"-30,05361111","-51,17472221",0.4,1008.66,967.2,22.52,87.12,4.48
2022-03-16,"-30,05361111","-51,17472221",0.0,1009.68,783.76,23.02,79.17,5.95
2022-03-17,"-30,05361111","-51,17472221",0.0,1006.11,1786.38,23.09,69.0,2.86
2022-03-18,"-30,05361111","-51,17472221",0.2,1004.83,1488.04,25.94,75.5,3.03
2022-03-19,"-30,05361111","-51,17472221",3.0,1010.5,508.88,20.85,81.92,6.98
2022-03-20,"-30,05361111","-51,17472221",0.2,1016.86,781.4,18.96,73.12,6.22
2022-03-21,"-30,05361111","-51,17472221",0.0,1016.9,1367.52,19.54,69.17,6.3
2022-03-22,"-30,05361111","-51,17472221",0.0,1011.49,1546.31,22.72,66.62,5.43
2022-03-23,"-30,05361111","-51,17472221",4.4,1006.56,723.86,22.9,74.75,4.0
2022-03-24,"-30,05361111","-51,17472221",28.4,1000.9,826.08,22.35,87.12,5.1
2022-03-25,"-30,05361111","-51,17472221",0.0,1001.94,1106.84,21.7,67.88,6.18
2022-03-26,"-30,05361111","-51,17472221",0.0,1003.87,746.9,19.38,69.12,6.48
2022-03-27,"-30,05361111","-51,17472221",0.0,1008.22,1688.41,21.44,69.83,4.75
2022-03-28,"-30,05361111","-51,17472221",0.0,1011.52,1717.44,22.24,71.54,3.12
2022-03-29,"-30,05361111","-51,17472221",0.0,1006.72,1659.28,24.23,69.42,4.04
2022-03-30,"-30,05361111","-51,17472221",52.2,1003.4,186.61,21.16,82.42,5.3
2022-03-31,"-30,05361111","-51,17472221",0.0,1015.1,1760.08,15.91,57.96,5.25
2022-04-01,"-30,05361111","-51,17472221",3.2,1019.24,1503.04,15.41,74.71,3.52
2022-04-02,"-30,05361111","-51,17472221",0.0,1017.09,1597.61,19.42,70.46,5.25
2022-04-03,"-30,05361111","-51,17472221",20.8,1011.78,216.4,19.48,84.29,4.48
2022-04-04,"-30,05361111","-51,17472221",27.0,1008.65,396.32,19.79,94.46,2.76
2022-04-05,"-30,05361111","-51,17472221",0.2,1011.68,1034.45,20.77,83.54,3.74
2022-04-06,"-30,05361111","-51,17472221",0.0,1010.99,1490.08,20.61,79.25,4.68
2022-04-07,"-30,05361111","-51,17472221",0.0,1009.0,629.83,20.22,86.62,3.34
2022-04-08,"-30,05361111","-51,17472221",4.4,1007.8,442.35,21.07,88.5,3.72
2022-04-09,"-30,05361111","-51,17472221",0.2,1008.98,645.65,20.87,86.33,5.48
2022-04-10,"-30,05361111","-51,17472221",0.0,1008.0,1407.64,22.55,83.38,5.14
2022-04-11,"-30,05361111","-51,17472221",0.8,1003.98,507.03,22.33,79.08,4.48
2022-04-12,"-30,05361111","-51,17472221",0.4,1003.36,569.08,21.84,85.46,2.9
2022-04-13,"-30,05361111","-51,17472221",0.6,1006.97,1079.36,21.17,80.04,4.73
2022-04-14,"-30,05361111","-51,17472221",0.2,1011.83,1569.39,18.95,61.75,5.22
2022-04-15,"-30,05361111","-51,17472221",0.4,1013.76,1096.97,16.28,74.21,4.01
2022-04-16,"-30,05361111","-51,17472221",0.0,1015.02,826.64,16.91,77.29,2.94
2022-04-17,"-30,05361111","-51,17472221",0.0,1015.3,937.52,18.23,78.67,3.31
2022-04-18,"-30,05361111","-51,17472221",0.0,1013.89,1232.79,20.01,73.79,3.72
2022-04-19,"-30,05361111","-51,17472221",0.0,1012.49,1402.22,20.48,69.96,3.38
2022-04-20,"-30,05361111","-51,17472221",0.0,1012.14,1488.28,19.8,78.08,3.42
2022-04-21,"-30,05361111","-51,17472221",0.2,1007.52,1317.26,19.9,78.62,3.34
2022-04-22,"-30,05361111","-51,17472221",0.0,1001.51,1171.87,21.04,75.21,2.38
2022-04-23,"-30,05361111","-51,17472221",0.6,1001.07,1327.76,19.02,72.46,6.95
2022-04-24,"-30,05361111","-51,17472221",0.0,1009.5,1439.67,17.88,70.92,2.7
2022-04-25,"-30,05361111","-51,17472221",0.0,1006.7,727.42,21.76,71.5,4.34
2022-04-26,"-30,05361111","-51,17472221",24.8,1006.92,626.46,21.37,90.21,4.09
2022-04-27,"-30,05361111","-51,17472221",0.0,1002.2,1118.4,25.54,73.17,4.96
2022-04-28,"-30,05361111","-51,17472221",31.4,1007.28,166.82,19.15,92.54,6.17
2022-04-29,"-30,05361111","-51,17472221",1.0,1017.3,1196.47,16.48,81.38,3.39
2022-04-30,"-30,05361111","-51,17472221",0.0,1014.66,984.14,15.57,76.25,4.3
2022-05-01,"-30,05361111","-51,17472221",13.0,1008.6,769.56,17.68,89.29,3.1
2022-05-02,"-30,05361111","-51,17472221",16.6,1011.62,161.05,15.48,87.88,4.44
2022-05-03,"-30,05361111","-51,17472221",4.0,1008.8,289.19,16.65,92.54,5.55
2022-05-04,"-30,05361111","-51,17472221",34.0,1008.75,540.5,18.26,93.42,7.95
2022-05-05,"-30,05361111","-51,17472221",0.6,1013.87,1143.94,17.96,81.83,3.74
2022-05-06,"-30,05361111","-51,17472221",0.0,1016.92,1249.25,17.24,79.04,2.7
2022-05-07,"-30,05361111","-51,17472221",0.0,1017.94,1180.56,16.21,81.46,2.88
2022-05-08,"-30,05361111","-51,17472221",0.2,1015.85,1370.37,16.56,80.42,2.91
2022-05-09,"-30,05361111","-51,17472221",0.0,1014.27,1298.06,18.04,79.04,2.69
2022-05-10,"-30,05361111","-51,17472221",4.6,1010.38,339.44,17.15,88.58,2.29
2022-05-11,"-30,05361111","-51,17472221",8.0,1009.2,291.69,16.99,90.88,3.67
2022-05-12,"-30,05361111","-51,17472221",0.2,1012.35,1256.94,15.81,82.67,2.94
2022-05-13,"-30,05361111","-51,17472221",0.0,1013.48,1126.37,14.85,80.75,2.71
2022-05-14,"-30,05361111","-51,17472221",3.2,1010.88,492.35,16.26,84.25,2.67
2022-05-15,"-30,05361111","-51,17472221",14.6,1008.0,303.48,16.32,94.42,4.14
2022-05-16,"-30,05361111","-51,17472221",0.0,1011.35,940.68,12.66,71.62,7.72
2022-05-17,"-30,05361111","-51,17472221",3.2,1006.61,609.9,11.39,74.25,11.84
2022-05-18,"-30,05361111","-51,17472221",22.4,1004.35,424.3,13.35,88.5,9.45
2022-05-19,"-30,05361111","-51,17472221",0.0,1012.7,774.44,13.37,85.96,4.42
2022-05-20,"-30,05361111","-51,17472221",0.0,1015.35,901.99,12.73,87.54,3.28
2022-05-21,"-30,05361111","-51,17472221",0.2,1016.6,1270.07,12.24,82.58,2.14
2022-05-22,"-30,05361111","-51,17472221",0.0,1016.0,831.19,13.75,83.12,1.9
2022-05-23,"-30,05361111","-51,17472221",0.2,1013.54,1114.33,15.39,83.75,2.19
2022-05-24,"-30,05361111","-51,17472221",0.0,1012.42,1164.85,17.76,77.83,2.38
2022-05-25,"-30,05361111","-51,17472221",0.2,1012.09,1125.25,20.03,74.0,3.27
2022-05-26,"-30,05361111","-51,17472221",1.6,1014.69,392.32,17.97,88.17,3.59
2022-05-27,"-30,05361111","-51,17472221",15.0,1011.25,179.63,16.85,95.67,2.99
2022-05-28,"-30,05361111","-51,17472221",2.0,1008.38,396.24,17.25,93.75,2.75
2022-05-29,"-30,05361111","-51,17472221",9.8,1003.27,166.45,16.7,94.38,4.37
2022-05-30,"-30,05361111","-51,17472221",0.2,1009.36,780.7,13.21,77.25,3.45
2022-05-31,"-30,05361111","-51,17472221",0.0,1015.3,1199.75,8.75,72.5,3.47
2022-06-01,"-30,05361111","-51,17472221",0.0,1014.23,259.84,8.62,82.08,2.99
2022-06-02,"-30,05361111","-51,17472221",0.0,1014.61,466.35,11.06,78.17,4.0
2022-06-03,"-30,05361111","-51,17472221",0.0,1019.06,870.85,10.88,76.96,3.53
2022-06-04,"-30,05361111","-51,17472221",0.0,1016.75,1013.08,13.88,81.83,3.92
2022-06-05,"-30,05361111","-51,17472221",6.6,1011.83,200.1,15.7,86.25,2.48
2022-06-06,"-30,05361111","-51,17472221",23.6,1007.93,224.21,16.95,96.04,3.16
2022-06-07,"-30,05361111","-51,17472221",0.0,1009.67,493.1,15.46,92.42,4.2
2022-06-08,"-30,05361111","-51,17472221",0.0,1010.86,1054.12,15.77,88.12,2.93
2022-06-09,"-30,05361111","-51,17472221",0.2,1011.44,860.85,15.67,89.08,2.02
2022-06-10,"-30,05361111","-51,17472221",0.4,1012.57,387.76,14.35,84.08,4.57
2022-06-11,"-30,05361111","-51,17472221",0.0,1016.26,1161.45,8.52,60.21,7.76
2022-06-12,"-30,05361111","-51,17472221",0.0,1015.76,1111.68,9.57,62.92,7.28
2022-06-13,"-30,05361111","-51,17472221",0.0,1018.83,644.76,12.22,73.38,2.71
2022-06-14,"-30,05361111","-51,17472221",0.0,1016.14,1125.7,13.92,85.42,2.85
2022-06-15,"-30,05361111","-51,17472221",0.2,1013.74,1129.48,13.8,81.42,2.12
2022-06-16,"-30,05361111","-51,17472221",0.0,1009.78,978.4,14.89,79.67,1.87
2022-06-17,"-30,05361111","-51,17472221",36.2,1000.93,123.53,16.64,89.04,5.3
2022-06-18,"-30,05361111","-51,17472221",0.4,1013.18,1150.04,10.69,74.46,6.28
2022-06-19,"-30,05361111","-51,17472221",0.0,1016.0,1147.9,9.23,77.12,1.99
2022-06-20,"-30,05361111","-51,17472221",0.2,1013.48,1070.06,11.8,81.96,2.46
2022-06-21,"-30,05361111","-51,17472221",5.2,1008.68,124.26,13.15,93.12,3.81
2022-06-22,"-30,05361111","-51,17472221",7.6,1006.75,179.99,14.39,95.29,3.9
2022-06-23,"-30,05361111","-51,17472221",2.6,1009.14,195.45,14.38,96.5,3.0
2022-06-24,"-30,05361111","-51,17472221",3.4,1013.04,156.0,14.52,95.83,3.03
2022-06-25,"-30,05361111","-51,17472221",1.2,1020.05,704.5,12.66,86.21,5.11
2022-06-26,"-30,05361111","-51,17472221",0.0,1019.71,649.16,10.69,84.25,3.78
2022-06-27,"-30,05361111","-51,17472221",0.0,1013.75,528.71,13.23,88.7,2.33
2022-06-28,"-30,05361111","-51,17472221",1.8,1008.12,671.55,16.99,85.88,2.2
2022-06-29,"-30,05361111","-51,17472221",9.4,1010.19,824.17,12.17,83.52,7.35
2022-06-30,"-30,05361111","-51,17472221",0.0,1012.73,1219.2,11.21,83.26,2.79
2022-07-01,"-30,05361111","-51,17472221",0.2,1010.95,1116.65,12.94,79.62,3.85
2022-07-02,"-30,05361111","-51,17472221",0.0,1006.28,748.27,17.6,75.12,4.1
2022-07-03,"-30,05361111","-51,17472221",1.0,1014.62,201.6,13.96,87.88,5.08
2022-07-04,"-30,05361111","-51,17472221",3.8,1011.38,379.01,17.1,92.62,3.62
2022-07-05,"-30,05361111","-51,17472221",0.0,1008.93,936.9,16.95,91.96,3.48
2022-07-06,"-30,05361111","-51,17472221",0.0,1008.72,806.86,17.32,88.54,3.16
2022-07-07,"-30,05361111","-51,17472221",0.0,1007.98,331.97,18.67,79.62,3.32
2022-07-08,"-30,05361111","-51,17472221",5.2,1017.55,223.96,14.26,84.88,5.03
2022-07-09,"-30,05361111","-51,17472221",0.0,1013.22,1036.5,18.0,78.88,3.99
2022-07-10,"-30,05361111","-51,17472221",0.0,1007.75,622.19,19.25,80.08,2.57
2022-07-11,"-30,05361111","-51,17472221",0.0,999.28,899.55,23.1,63.62,4.27
2022-07-12,"-30,05361111","-51,17472221",25.4,1008.02,654.11,13.79,78.83,8.07
2022-07-13,"-30,05361111","-51,17472221",0.0,1016.73,1196.75,11.38,78.54,3.82
2022-07-14,"-30,05361111","-51,17472221",31.0,1010.94,117.59,13.72,91.38,3.52
2022-07-15,"-30,05361111","-51,17472221",24.2,1003.38,106.88,16.82,95.75,3.91
2022-07-16,"-30,05361111","-51,17472221",19.2,998.39,156.17,18.49,93.5,4.39
2022-07-17,"-30,05361111","-51,17472221",0.6,1013.75,630.63,11.88,74.96,9.02
2022-07-18,"-30,05361111","-51,17472221",0.0,1018.35,1207.55,10.55,83.71,2.69
2022-07-19,"-30,05361111","-51,17472221",0.0,1019.41,671.53,13.03,85.21,3.6
2022-07-20,"-30,05361111","-51,17472221",0.2,1014.63,1059.86,15.65,85.33,2.72
2022-07-21,"-30,05361111","-51,17472221",0.0,1008.56,869.88,19.41,81.67,3.3
2022-07-22,"-30,05361111","-51,17472221",0.0,1008.8,749.69,19.88,84.38,2.61
2022-07-23,"-30,05361111","-51,17472221",15.0,1010.21,613.6,19.5,89.96,3.98
2022-07-24,"-30,05361111","-51,17472221",0.0,1010.35,953.15,20.41,83.79,1.8
2022-07-25,"-30,05361111","-51,17472221",0.0,1012.7,1131.88,20.36,83.75,3.02
2022-07-26,"-30,05361111","-51,17472221",0.0,1014.3,1005.84,18.57,88.0,3.48
2022-07-27,"-30,05361111","-51,17472221",0.0,1010.77,1046.14,18.92,83.52,2.05
2022-07-28,"-30,05361111","-51,17472221",14.0,1002.67,399.5,18.4,88.91,3.13
2022-07-29,"-30,05361111","-51,17472221",10.4,1008.45,483.44,12.26,79.86,8.33
2022-07-30,"-30,05361111","-51,17472221",0.0,1013.75,1184.66,11.74,82.0,3.2
2022-07-31,"-30,05361111","-51,17472221",0.0,1012.94,1124.55,13.07,82.43,2.82
2022-08-01,"-30,05361111","-51,17472221",0.2,1011.55,1008.35,13.71,88.04,2.4
2022-08-02,"-30,05361111","-51,17472221",0.4,1012.67,429.55,14.0,87.79,3.64
2022-08-03,"-30,05361111","-51,17472221",1.0,1009.44,1096.68,17.93,84.38,5.45
2022-08-04,"-30,05361111","-51,17472221",9.2,1001.73,749.63,18.5,85.58,5.47
2022-08-05,"-30,05361111","-51,17472221",10.2,1009.51,804.05,14.38,82.88,6.49
2022-08-06,"-30,05361111","-51,17472221",0.0,1014.76,1083.4,11.3,80.71,4.25
2022-08-07,"-30,05361111","-51,17472221",0.0,1011.75,376.78,14.04,83.54,6.2
2022-08-08,"-30,05361111","-51,17472221",3.0,1014.71,532.56,14.3,90.67,7.86
2022-08-09,"-30,05361111","-51,17472221",15.8,1017.72,291.88,13.32,93.79,7.18
2022-08-10,"-30,05361111","-51,17472221",10.4,1017.48,1124.4,13.55,84.17,6.04
2022-08-11,"-30,05361111","-51,17472221",0.6,1018.93,824.39,13.79,87.42,3.12
2022-08-12,"-30,05361111","-51,17472221",0.0,1016.59,1315.16,15.91,77.0,3.58
2022-08-13,"-30,05361111","-51,17472221",0.0,1014.35,754.71,16.9,72.96,2.97
2022-08-14,"-30,05361111","-51,17472221",0.0,1011.1,1161.29,17.77,78.42,2.34
2022-08-15,"-30,05361111","-51,17472221",23.0,1000.4,273.55,18.04,90.67,5.17
2022-08-16,"-30,05361111","-51,17472221",10.4,1004.69,372.04,15.21,85.46,4.71
2022-08-17,"-30,05361111","-51,17472221",0.0,1003.88,1306.69,16.48,82.88,3.12
2022-08-18,"-30,05361111","-51,17472221",6.6,1006.7,382.56,13.74,80.88,6.48
2022-08-19,"-30,05361111","-51,17472221",0.0,1024.15,1542.22,9.47,64.38,4.77
2022-08-20,"-30,05361111","-51,17472221",0.0,1025.4,1586.63,10.58,68.29,3.49
2022-08-21,"-30,05361111","-51,17472221",0.0,1021.55,1559.48,12.68,75.42,3.13
2022-08-22,"-30,05361111","-51,17472221",0.0,1019.65,1028.29,13.25,83.25,3.28
2022-08-23,"-30,05361111","-51,17472221",0.0,1017.51,1434.07,16.39,78.08,3.36
2022-08-24,"-30,05361111","-51,17472221",0.0,1014.74,1311.84,18.16,74.71,2.41
2022-08-25,"-30,05361111","-51,17472221",0.0,1013.28,1372.27,20.66,67.88,3.1
2022-08-26,"-30,05361111","-51,17472221",0.0,1012.2,1299.82,21.04,69.58,3.07
2022-08-27,"-30,05361111","-51,17472221",0.0,1006.58,1459.7,22.66,60.96,4.35
2022-08-28,"-30,05361111","-51,17472221",12.8,1017.92,464.55,13.22,70.46,7.95
2022-08-29,"-30,05361111","-51,17472221",0.0,1027.08,877.22,10.5,65.12,5.13
2022-08-30,"-30,05361111","-51,17472221",0.0,1023.59,1474.02,12.36,78.83,4.58
2022-08-31,"-30,05361111","-51,17472221",0.0,1016.72,1543.62,15.85,66.54,3.48
2022-09-01,"-30,05361111","-51,17472221",0.0,1008.62,1493.44,18.35,69.71,3.28
2022-09-02,"-30,05361111","-51,17472221",11.8,1007.68,316.66,16.7,84.5,5.99
2022-09-03,"-30,05361111","-51,17472221",0.0,1018.82,1383.45,12.27,68.54,6.23
2022-09-04,"-30,05361111","-51,17472221",0.0,1021.37,1391.35,11.41,78.46,3.33
2022-09-05,"-30,05361111","-51,17472221",0.0,1019.56,1544.79,14.73,76.83,4.62
2022-09-06,"-30,05361111","-51,17472221",0.2,1016.9,494.77,17.12,79.92,3.79
2022-09-07,"-30,05361111","-51,17472221",0.2,1009.15,1098.25,19.58,74.08,3.47
2022-09-08,"-30,05361111","-51,17472221",0.0,1004.2,1421.35,20.22,71.79,3.11
2022-09-09,"-30,05361111","-51,17472221",19.4,999.92,773.79,22.37,76.92,5.65
2022-09-10,"-30,05361111","-51,17472221",1.0,1014.55,1551.02,12.61,67.92,8.32
2022-09-11,"-30,05361111","-51,17472221",0.0,1016.04,1621.73,12.36,75.0,3.51
2022-09-12,"-30,05361111","-51,17472221",0.0,1009.04,681.44,15.6,75.04,4.47
2022-09-13,"-30,05361111","-51,17472221",0.0,1008.05,1298.76,17.55,77.92,3.63
2022-09-14,"-30,05361111","-51,17472221",0.2,1013.78,1127.17,16.46,80.25,5.52
2022-09-15,"-30,05361111","-51,17472221",3.6,1017.32,629.63,16.62,84.29,5.53
2022-09-16,"-30,05361111","-51,17472221",0.2,1018.84,1537.55,17.01,75.96,6.78
2022-09-17,"-30,05361111","-51,17472221",0.0,1017.72,1732.7,17.37,71.21,7.02
2022-09-18,"-30,05361111","-51,17472221",0.0,1012.11,1748.0,17.65,65.62,5.65
2022-09-19,"-30,05361111","-51,17472221",7.6,1007.84,355.58,17.06,81.08,3.98
2022-09-20,"-30,05361111","-51,17472221",13.8,1008.24,1448.28,17.53,84.62,4.52
2022-09-21,"-30,05361111","-51,17472221",0.4,1008.29,709.75,16.34,84.29,5.2
2022-09-22,"-30,05361111","-51,17472221",8.0,1005.08,754.19,15.65,85.79,7.49
2022-09-23,"-30,05361111","-51,17472221",0.2,1011.98,1731.6,13.13,66.54,8.58
2022-09-24,"-30,05361111","-51,17472221",0.0,1015.55,1899.02,14.05,67.12,4.23
2022-09-25,"-30,05361111","-51,17472221",0.0,1011.69,1242.06,16.62,77.71,5.46
2022-09-26,"-30,05361111","-51,17472221",0.0,1008.58,1399.17,19.68,75.04,3.02
2022-09-27,"-30,05361111","-51,17472221",0.0,1011.42,1620.15,19.45,71.83,4.13
2022-09-28,"-30,05361111","-51,17472221",0.0,1018.45,1459.98,17.2,74.46,6.74
2022-09-29,"-30,05361111","-51,17472221",0.0,1019.1,1397.45,15.98,71.04,6.2
2022-09-30,"-30,05361111","-51,17472221",6.6,1015.4,793.88,16.99,75.21,5.4
2022-10-01,"-30,05361111","-51,17472221",0.2,1013.35,1105.51,17.26,85.67,3.56
2022-10-02,"-30,05361111","-51,17472221",0.2,1015.06,1044.88,16.68,82.17,3.52
2022-10-03,"-30,05361111","-51,17472221",0.0,1013.28,1227.09,16.19,81.04,4.02
2022-10-04,"-30,05361111","-51,17472221",0.0,1011.15,1549.96,15.05,72.46,3.66
2022-10-05,"-30,05361111","-51,17472221",0.0,1009.08,1981.82,17.38,70.21,6.31
2022-10-06,"-30,05361111","-51,17472221",12.2,1001.72,520.8,18.34,87.62,3.98
2022-10-07,"-30,05361111","-51,17472221",5.0,1000.7,1396.86,19.22,75.12,7.36
2022-10-08,"-30,05361111","-51,17472221",0.0,1003.68,1960.01,19.99,62.71,4.28
2022-10-09,"-30,05361111","-51,17472221",0.2,1011.57,735.84,14.52,65.21,5.42
2022-10-10,"-30,05361111","-51,17472221",0.8,1017.65,617.99,13.23,68.0,5.95
2022-10-11,"-30,05361111","-51,17472221",7.8,1010.62,309.34,16.19,92.29,4.81
2022-10-12,"-30,05361111","-51,17472221",3.2,1009.22,819.8,17.48,89.33,3.34
2022-10-13,"-30,05361111","-51,17472221",0.0,1010.36,1708.34,19.03,79.04,3.77
2022-10-14,"-30,05361111","-51,17472221",0.0,1019.67,726.37,17.01,73.25,8.86
2022-10-15,"-30,05361111","-51,17472221",0.0,1020.43,1138.74,17.41,73.39,8.93
2022-10-16,"-30,05361111","-51,17472221",1.6,1012.29,1388.25,19.77,80.42,5.3
2022-10-17,"-30,05361111","-51,17472221",0.0,1012.37,1618.17,18.91,76.55,4.26
2022-10-18,"-30,05361111","-51,17472221",0.0,1014.94,702.37,19.2,83.08,8.65
2022-10-19,"-30,05361111","-51,17472221",0.0,1011.28,1098.25,20.46,81.21,5.9
2022-10-20,"-30,05361111","-51,17472221",0.0,1004.99,885.26,19.93,83.96,5.2
2022-10-21,"-30,05361111","-51,17472221",0.6,1000.29,1542.57,21.67,80.96,5.79
2022-10-22,"-30,05361111","-51,17472221",0.6,1009.08,1455.19,19.83,74.5,4.45
2022-10-23,"-30,05361111","-51,17472221",0.0,1011.32,1749.24,18.92,76.54,4.89
2022-10-24,"-30,05361111","-51,17472221",0.0,1013.23,1191.01,18.8,74.88,4.06
2022-10-25,"-30,05361111","-51,17472221",0.0,1010.74,2006.54,20.05,72.12,5.92
2022-10-26,"-30,05361111","-51,17472221",9.0,1003.12,1543.91,23.44,67.92,5.29
2022-10-27,"-30,05361111","-51,17472221",2.0,1002.91,1975.54,23.2,65.67,7.32
2022-10-28,"-30,05361111","-51,17472221",0.0,1005.53,2051.11,23.05,53.08,3.62
2022-10-29,"-30,05361111","-51,17472221",0.0,1001.09,1624.91,24.49,65.75,4.95
2022-10-30,"-30,05361111","-51,17472221",0.0,995.99,1470.46,26.92,56.54,6.26
2022-10-31,"-30,05361111","-51,17472221",52.8,1007.74,179.38,16.09,92.33,8.9
2022-11-01,"-30,05361111","-51,17472221",0.0,1021.16,1597.85,13.96,62.29,7.35
2022-11-02,"-30,05361111","-51,17472221",0.0,1024.02,2150.16,15.12,62.42,4.24
2022-11-03,"-30,05361111","-51,17472221",0.0,1021.09,2156.67,16.17,62.29,3.87
2022-11-04,"-30,05361111","-51,17472221",0.0,1018.45,1475.92,17.65,67.04,5.27
2022-11-05,"-30,05361111","-51,17472221",0.2,1016.52,1691.01,18.33,70.75,6.15
2022-11-06,"-30,05361111","-51,17472221",0.8,1017.56,1558.38,18.51,70.54,7.15
2022-11-07,"-30,05361111","-51,17472221",9.6,1017.31,1058.79,16.88,81.83,6.14
2022-11-08,"-30,05361111","-51,17472221",0.8,1014.67,975.78,16.57,85.3,4.24
2022-11-09,"-30,05361111","-51,17472221",1.2,1011.86,1131.42,17.58,81.67,4.01
2022-11-10,"-30,05361111","-51,17472221",0.0,1010.05,1823.76,19.66,75.17,4.45
2022-11-11,"-30,05361111","-51,17472221",0.0,1008.32,1160.55,20.68,77.67,5.51
2022-11-12,"-30,05361111","-51,17472221",0.0,1005.83,1559.36,23.41,74.25,4.4
2022-11-13,"-30,05361111","-51,17472221",3.6,1001.89,532.54,22.77,83.62,3.93
2022-11-14,"-30,05361111","-51,17472221",14.6,999.38,1383.89,23.11,77.12,6.88
2022-11-15,"-30,05361111","-51,17472221",0.0,1005.9,2157.42,22.78,53.7,8.19
2022-11-16,"-30,05361111","-51,17472221",0.0,1011.12,2157.62,23.4,51.58,3.53
2022-11-17,"-30,05361111","-51,17472221",0.0,1012.37,2038.79,22.83,50.29,3.85
2022-11-18,"-30,05361111","-51,17472221",0.0,1011.25,2142.4,22.99,65.54,5.24
2022-11-19,"-30,05361111","-51,17472221",0.0,1008.65,2125.34,23.84,62.0,5.55
2022-11-20,"-30,05361111","-51,17472221",0.0,1006.22,2022.73,24.68,62.5,4.8
2022-11-21,"-30,05361111","-51,17472221",0.0,1004.57,1105.58,24.99,69.09,4.43
2022-11-22,"-30,05361111","-51,17472221",20.6,1005.4,484.6,21.3,87.04,3.97
2022-11-23,"-30,05361111","-51,17472221",0.0,1007.05,1551.39,21.85,74.1,4.08
2022-11-24,"-30,05361111","-51,17472221",0.0,1008.71,2123.81,21.79,69.71,4.59
2022-11-25,"-30,05361111","-51,17472221",0.0,1012.04,2211.44,21.85,65.42,5.03
2022-11-26,"-30,05361111","-51,17472221",0.2,1013.23,1656.16,22.79,74.57,6.71
2022-11-27,"-30,05361111","-51,17472221",0.0,1012.83,1959.57,23.96,75.04,9.98
2022-11-28,"-30,05361111","-51,17472221",0.6,1009.78,1606.85,22.79,76.08,8.67
2022-11-29,"-30,05361111","-51,17472221",0.0,1004.84,1735.78,23.35,75.75,8.67
2022-11-30,"-30,05361111","-51,17472221",0.0,1001.39,1774.74,24.26,74.38,7.78
2022-12-01,"-30,05361111","-51,17472221",0.4,999.73,1435.45,25.85,74.12,6.07
2022-12-02,"-30,05361111","-51,17472221",0.0,1002.44,2120.34,27.1,71.21,4.75
2022-12-03,"-30,05361111","-51,17472221",2.2,1004.75,1435.52,25.54,80.96,4.62
2022-12-04,"-30,05361111","-51,17472221",5.0,1002.9,907.49,25.16,84.23,4.4
2022-12-05,"-30,05361111","-51,17472221",0.2,1005.77,1273.23,24.74,81.25,5.41
2022-12-06,"-30,05361111","-51,17472221",0.0,1007.58,1373.55,24.22,78.54,5.66
2022-12-07,"-30,05361111","-51,17472221",0.0,1006.96,1894.67,24.6,69.38,4.9
2022-12-08,"-30,05361111","-51,17472221",0.0,1002.09,2007.47,25.84,65.25,5.33
2022-12-09,"-30,05361111","-51,17472221",0.0,1002.05,2096.67,26.43,67.61,4.71
2022-12-10,"-30,05361111","-51,17472221",0.0,1002.69,1714.69,26.1,75.83,4.67
2022-12-11,"-30,05361111","-51,17472221",0.0,1003.15,1795.55,27.11,71.38,5.25
2022-12-12,"-30,05361111","-51,17472221",19.2,997.35,1675.95,25.25,78.21,6.03
2022-12-13,"-30,05361111","-51,17472221",2.4,1004.04,2024.77,21.25,68.25,5.2
2022-12-14,"-30,05361111","-51,17472221",0.0,1007.19,2126.08,22.2,59.75,4.37
2022-12-15,"-30,05361111","-51,17472221",0.0,1004.67,1824.51,24.16,62.0,5.52
2022-12-16,"-30,05361111","-51,17472221",0.0,1005.5,1809.91,22.97,65.38,7.48
2022-12-17,"-30,05361111","-51,17472221",0.0,1006.38,1856.46,21.48,61.75,6.58
2022-12-18,"-30,05361111","-51,17472221",0.0,1008.6,690.29,21.17,73.09,8.19
2022-12-19,"-30,05361111","-51,17472221",7.4,1010.06,1320.88,20.27,82.12,9.89
2022-12-20,"-30,05361111","-51,17472221",0.0,1009.0,1592.27,22.85,72.42,7.98
2022-12-21,"-30,05361111","-51,17472221",0.0,1010.08,1929.02,23.2,69.17,7.73
2022-12-22,"-30,05361111","-51,17472221",0.0,1009.6,1827.11,23.09,66.5,7.62
2022-12-23,"-30,05361111","-51,17472221",0.0,1006.91,2097.94,24.27,63.42,5.49
2022-12-24,"-30,05361111","-51,17472221",0.0,1005.82,2000.32,25.82,59.42,5.13
2022-12-25,"-30,05361111","-51,17472221",0.0,1007.13,1648.41,24.61,70.58,5.33
2022-12-26,"-30,05361111","-51,17472221",0.0,1008.02,506.93,22.3,77.88,5.65
2022-12-27,"-30,05361111","-51,17472221",0.0,1007.27,1590.67,22.93,61.0,5.07
2022-12-28,"-30,05361111","-51,17472221",26.8,1003.62,1410.34,21.52,77.17,5.84
2022-12-29,"-30,05361111","-51,17472221",0.0,1006.41,1894.89,23.27,62.17,4.9
2022-12-30,"-30,05361111","-51,17472221",0.0,1008.62,2123.96,23.91,55.71,4.36
2022-12-31,"-30,05361111","-51,17472221",0.0,1006.9,2104.75,27.41,57.39,4.14
2022-01-01,"-5,03472221","-42,80138888",111.6,1002.81,1069.4,25.09,84.38,3.68
2022-01-02,"-5,03472221","-42,80138888",56.6,1002.63,1155.45,26.03,82.38,3.55
2022-01-03,"-5,03472221","-42,80138888",0.8,1003.13,441.22,24.82,88.42,2.35
2022-01-04,"-5,03472221","-42,80138888",0.0,1001.29,1181.74,26.84,77.71,2.87
2022-01-05,"-5,03472221","-42,80138888",21.0,1001.8,582.01,24.75,85.67,3.68
2022-01-06,"-5,03472221","-42,80138888",3.0,1001.85,1008.69,25.82,84.21,2.8
2022-01-07,"-5,03472221","-42,80138888",7.0,1001.52,1090.23,27.01,78.08,2.68
2022-01-08,"-5,03472221","-42,80138888",0.0,1001.45,560.78,26.25,83.96,1.83
2022-01-09,"-5,03472221","-42,80138888",0.2,1002.55,1067.58,26.86,80.21,2.89
2022-01-10,"-5,03472221","-42,80138888",0.0,1002.52,823.03,26.45,80.79,2.05
2022-01-11,"-5,03472221","-42,80138888",1.8,1001.78,1265.09,28.51,75.0,3.78
2022-01-12,"-5,03472221","-42,80138888",0.0,1002.61,1828.71,30.79,56.0,4.81
2022-02-03,"-5,03472221","-42,80138888",0.0,1002.2,1485.5,31.38,57.5,4.6
2022-02-04,"-5,03472221","-42,80138888",0.2,1002.62,1668.12,29.67,68.33,3.35
2022-02-05,"-5,03472221","-42,80138888",0.0,1001.98,1808.42,30.19,64.62,3.88
2022-02-06,"-5,03472221","-42,80138888",0.0,1002.91,1623.86,29.71,66.71,4.41
2022-02-07,"-5,03472221","-42,80138888",0.0,1002.89,1474.19,29.55,68.38,3.3
2022-02-08,"-5,03472221","-42,80138888",0.0,1001.26,1873.48,30.96,62.89,3.22
2022-02-09,"-5,03472221","-42,80138888",0.0,1000.92,1202.53,28.81,69.12,4.99
2022-02-10,"-5,03472221","-42,80138888",0.2,1001.92,1362.5,29.06,66.38,3.79
2022-02-11,"-5,03472221","-42,80138888",0.0,1000.89,1710.92,30.54,62.88,5.24
2022-02-12,"-5,03472221","-42,80138888",0.0,1001.47,1984.64,30.86,60.33,5.1
2022-02-13,"-5,03472221","-42,80138888",0.0,1001.29,2085.89,31.37,57.71,5.33
2022-02-14,"-5,03472221","-42,80138888",0.0,1002.42,1255.41,27.32,76.25,3.68
2022-02-15,"-5,03472221","-42,80138888",0.0,1002.12,1688.47,29.9,65.33,3.46
2022-02-16,"-5,03472221","-42,80138888",0.0,1003.79,1669.47,29.57,66.29,3.56
2022-02-17,"-5,03472221","-42,80138888",0.0,1002.49,1905.82,30.47,61.89,3.42
2022-02-19,"-5,03472221","-42,80138888",1.4,1000.98,1793.04,30.56,62.75,3.79
2022-02-20,"-5,03472221","-42,80138888",1.0,1003.12,1102.38,28.54,70.85,4.11
2022-02-21,"-5,03472221","-42,80138888",50.6,1003.38,636.69,25.24,85.46,3.88
2022-02-22,"-5,03472221","-42,80138888",1.8,1002.16,957.82,27.24,79.25,3.05
2022-02-23,"-5,03472221","-42,80138888",0.0,1001.34,1386.66,27.5,76.12,3.18
2022-02-24,"-5,03472221","-42,80138888",0.6,1001.28,1148.89,28.0,75.12,2.98
2022-02-25,"-5,03472221","-42,80138888",11.4,1002.49,859.91,27.37,80.21,3.08
2022-02-26,"-5,03472221","-42,80138888",6.6,1002.45,1020.78,27.62,78.54,3.52
2022-02-27,"-5,03472221","-42,80138888",1.0,1001.65,656.19,26.18,84.0,3.0
2022-02-28,"-5,03472221","-42,80138888",5.4,1001.5,401.08,25.69,86.33,3.44
2022-03-01,"-5,03472221","-42,80138888",5.6,1002.19,808.73,26.09,82.79,3.14
2022-03-02,"-5,03472221","-42,80138888",4.4,1002.62,1221.88,26.27,80.54,2.66
2022-03-03,"-5,03472221","-42,80138888",9.6,1002.07,826.29,26.27,82.38,3.06
2022-03-04,"-5,03472221","-42,80138888",2.0,1001.32,672.51,25.59,80.83,3.5
2022-03-05,"-5,03472221","-42,80138888",38.4,1000.96,475.76,25.07,86.17,3.18
2022-03-06,"-5,03472221","-42,80138888",40.0,1000.96,508.49,25.26,85.92,3.45
2022-03-07,"-5,03472221","-42,80138888",72.6,1001.87,558.48,24.27,90.08,2.51
2022-03-08,"-5,03472221","-42,80138888",0.2,1000.87,1305.82,26.57,80.12,2.45
2022-03-09,"-5,03472221","-42,80138888",40.8,1000.96,881.06,26.45,81.25,3.44
2022-03-10,"-5,03472221","-42,80138888",18.0,1001.39,568.46,25.48,87.25,3.16
2022-03-11,"-5,03472221","-42,80138888",10.0,1002.39,547.54,24.45,87.21,2.9
2022-03-12,"-5,03472221","-42,80138888",0.4,1003.01,668.96,24.81,85.25,2.8
2022-03-13,"-5,03472221","-42,80138888",0.4,1002.33,1051.43,26.26,81.62,3.42
2022-03-14,"-5,03472221","-42,80138888",0.0,1000.89,774.88,26.37,80.79,2.89
2022-03-15,"-5,03472221","-42,80138888",17.0,1001.67,487.0,25.64,85.83,2.73
2022-03-16,"-5,03472221","-42,80138888",11.8,1003.53,517.15,24.73,85.67,3.55
2022-03-17,"-5,03472221","-42,80138888",0.6,1002.7,914.06,25.69,83.17,2.85
2022-03-18,"-5,03472221","-42,80138888",2.6,1002.12,528.16,25.87,86.29,3.11
2022-03-19,"-5,03472221","-42,80138888",1.2,1002.68,505.87,25.83,84.08,3.08
2022-03-20,"-5,03472221","-42,80138888",0.0,1001.96,591.56,25.99,82.71,2.88
2022-03-21,"-5,03472221","-42,80138888",0.0,1001.15,759.28,26.66,78.25,3.49
2022-03-22,"-5,03472221","-42,80138888",32.4,1001.71,679.78,26.45,81.21,3.65
2022-03-23,"-5,03472221","-42,80138888",33.2,1002.57,434.19,25.35,87.42,2.85
2022-03-24,"-5,03472221","-42,80138888",0.2,1002.61,477.34,26.16,84.96,1.63
2022-03-25,"-5,03472221","-42,80138888",17.8,1001.5,547.87,25.97,87.29,2.99
2022-03-26,"-5,03472221","-42,80138888",12.8,1000.98,717.67,26.05,83.71,3.56
2022-03-27,"-5,03472221","-42,80138888",0.2,1001.15,1062.75,26.8,81.29,2.94
2022-03-28,"-5,03472221","-42,80138888",18.2,1002.3,637.08,26.0,86.5,3.84
2022-03-29,"-5,03472221","-42,80138888",12.2,1001.7,579.33,26.06,84.75,3.0
2022-03-30,"-5,03472221","-42,80138888",12.8,1000.62,721.49,25.73,83.92,3.12
2022-03-31,"-5,03472221","-42,80138888",33.2,1001.88,495.62,25.05,86.75,3.77
2022-04-01,"-5,03472221","-42,80138888",5.2,1003.57,726.72,25.88,83.42,2.61
2022-04-02,"-5,03472221","-42,80138888",4.8,1003.75,667.27,26.39,81.75,3.72
2022-04-03,"-5,03472221","-42,80138888",0.6,1001.6,750.29,26.95,79.75,2.41
2022-04-04,"-5,03472221","-42,80138888",2.6,1001.98,625.19,26.25,84.12,3.26
2022-04-05,"-5,03472221","-42,80138888",26.0,1002.8,608.86,26.2,82.33,3.74
2022-04-06,"-5,03472221","-42,80138888",8.0,1002.04,616.53,26.31,82.75,3.11
2022-04-07,"-5,03472221","-42,80138888",17.8,1002.1,634.6,25.85,83.46,3.82
2022-04-08,"-5,03472221","-42,80138888",3.8,1002.97,757.99,26.05,84.71,2.88
2022-04-09,"-5,03472221","-42,80138888",3.4,1002.28,904.81,26.46,80.67,3.05
2022-04-10,"-5,03472221","-42,80138888",25.6,1001.74,633.17,25.95,84.58,3.85
2022-04-11,"-5,03472221","-42,80138888",2.2,1001.68,658.45,25.71,86.46,2.91
2022-04-12,"-5,03472221","-42,80138888",0.0,1001.66,1143.41,26.25,80.96,2.7
2022-04-13,"-5,03472221","-42,80138888",0.0,1001.56,983.48,26.98,80.88,2.44
2022-04-14,"-5,03472221","-42,80138888",0.2,1001.15,925.2,27.2,78.5,2.55
2022-04-15,"-5,03472221","-42,80138888",0.0,1001.22,654.48,27.37,79.71,2.67
2022-04-16,"-5,03472221","-42,80138888",0.2,1002.0,491.23,26.07,85.21,2.99
2022-04-17,"-5,03472221","-42,80138888",10.0,1002.02,578.5,26.3,83.38,2.86
2022-04-18,"-5,03472221","-42,80138888",64.8,1002.41,709.97,26.12,83.42,3.21
2022-04-19,"-5,03472221","-42,80138888",8.0,1002.74,448.22,25.92,87.29,2.41
2022-04-20,"-5,03472221","-42,80138888",0.0,1002.08,1136.98,27.0,79.62,3.09
2022-04-21,"-5,03472221","-42,80138888",0.0,1001.58,845.08,27.18,79.79,3.31
2022-04-22,"-5,03472221","-42,80138888",0.0,1000.81,747.91,27.22,79.83,2.45
2022-04-23,"-5,03472221","-42,80138888",16.2,1002.55,554.25,25.68,85.08,3.88
2022-04-24,"-5,03472221","-42,80138888",26.4,1003.93,682.24,25.42,83.08,2.85
2022-04-25,"-5,03472221","-42,80138888",0.0,1002.09,1068.4,26.83,79.96,3.0
2022-04-26,"-5,03472221","-42,80138888",2.2,1001.44,806.2,26.79,80.62,3.52
2022-04-27,"-5,03472221","-42,80138888",0.2,1001.56,1199.03,26.78,79.08,2.86
2022-04-28,"-5,03472221","-42,80138888",0.0,1002.67,708.16,26.95,79.29,3.1
2022-04-29,"-5,03472221","-42,80138888",0.2,1002.74,695.26,26.91,77.17,4.22
2022-04-30,"-5,03472221","-42,80138888",1.0,1002.81,739.43,27.37,75.38,3.73
2022-05-01,"-5,03472221","-42,80138888",0.0,1002.38,807.42,27.12,76.96,2.91
2022-05-02,"-5,03472221","-42,80138888",0.0,1002.81,712.8,27.79,76.67,2.74
2022-05-03,"-5,03472221","-42,80138888",0.0,1002.65,702.09,27.64,79.04,3.05
2022-05-04,"-5,03472221","-42,80138888",4.0,1003.15,559.5,27.12,82.92,2.79
2022-05-05,"-5,03472221","-42,80138888",8.4,1003.74,627.83,26.33,82.75,3.59
2022-05-06,"-5,03472221","-42,80138888",0.2,1003.73,928.2,26.47,81.88,3.23
2022-05-07,"-5,03472221","-42,80138888",0.8,1004.05,596.34,26.42,83.71,2.55
2022-05-08,"-5,03472221","-42,80138888",0.2,1003.18,727.76,26.57,81.88,3.47
2022-05-09,"-5,03472221","-42,80138888",20.2,1003.65,565.75,26.15,84.04,3.49
2022-05-10,"-5,03472221","-42,80138888",0.8,1004.0,809.64,25.84,84.92,2.15
2022-05-11,"-5,03472221","-42,80138888",0.8,1003.71,671.22,26.18,80.71,3.0
2022-05-12,"-5,03472221","-42,80138888",1.4,1002.88,871.02,27.11,78.88,3.47
2022-05-13,"-5,03472221","-42,80138888",4.6,1003.33,846.09,26.25,84.79,2.96
2022-05-14,"-5,03472221","-42,80138888",9.4,1002.74,695.83,27.16,80.54,4.41
2022-05-15,"-5,03472221","-42,80138888",0.4,1002.66,486.29,26.43,85.0,2.22
2022-05-16,"-5,03472221","-42,80138888",0.2,1003.26,753.15,27.01,81.92,2.25
2022-05-17,"-5,03472221","-42,80138888",0.0,1003.47,924.7,26.95,80.71,2.26
2022-05-18,"-5,03472221","-42,80138888",0.0,1002.42,992.15,27.74,79.5,1.82
2022-05-19,"-5,03472221","-42,80138888",6.4,1003.1,314.83,25.58,88.71,2.96
2022-05-20,"-5,03472221","-42,80138888",31.6,1005.98,579.01,25.66,85.71,3.54
2022-05-21,"-5,03472221","-42,80138888",3.4,1007.19,533.6,25.65,84.25,2.89
2022-05-22,"-5,03472221","-42,80138888",16.4,1007.03,634.28,25.88,81.75,4.2
2022-05-23,"-5,03472221","-42,80138888",1.4,1005.77,789.68,26.09,79.42,3.22
2022-05-24,"-5,03472221","-42,80138888",0.0,1005.58,1117.04,26.25,78.88,2.82
2022-05-25,"-5,03472221","-42,80138888",0.0,1005.76,1081.54,26.85,74.83,3.62
2022-05-26,"-5,03472221","-42,80138888",0.0,1005.19,1127.8,26.66,76.54,3.84
2022-05-27,"-5,03472221","-42,80138888",2.0,1005.36,985.52,26.25,77.67,5.1
2022-05-28,"-5,03472221","-42,80138888",0.0,1003.9,1051.55,25.66,78.29,3.89
2022-05-29,"-5,03472221","-42,80138888",0.0,1003.01,818.64,26.4,77.92,3.33
2022-05-30,"-5,03472221","-42,80138888",0.2,1001.85,1240.63,26.77,78.29,2.34
2022-05-31,"-5,03472221","-42,80138888",1.2,1001.52,988.81,26.35,81.75,2.7
2022-06-01,"-5,03472221","-42,80138888",32.2,1002.0,680.33,26.0,81.75,4.71
2022-06-02,"-5,03472221","-42,80138888",3.8,1002.98,714.94,25.65,82.75,3.02
2022-06-03,"-5,03472221","-42,80138888",2.4,1003.5,660.41,26.0,84.88,2.48
2022-06-04,"-5,03472221","-42,80138888",14.0,1003.7,695.34,25.69,83.29,2.84
2022-06-05,"-5,03472221","-42,80138888",9.4,1003.81,692.22,25.82,82.96,3.73
2022-06-06,"-5,03472221","-42,80138888",9.8,1003.76,487.39,25.32,81.25,3.52
2022-06-07,"-5,03472221","-42,80138888",0.0,1003.6,1246.29,25.95,76.29,3.44
2022-06-08,"-5,03472221","-42,80138888",0.0,1003.24,1239.44,26.52,74.71,2.88
2022-06-09,"-5,03472221","-42,80138888",0.0,1003.31,1226.7,26.64,76.96,2.47
2022-06-10,"-5,03472221","-42,80138888",1.4,1003.28,1003.65,26.69,79.5,3.66
2022-06-11,"-5,03472221","-42,80138888",1.2,1003.48,883.06,25.81,84.67,2.58
2022-06-12,"-5,03472221","-42,80138888",0.0,1004.02,1294.27,26.45,77.58,2.68
2022-06-13,"-5,03472221","-42,80138888",1.2,1004.64,1183.67,26.84,79.25,2.24
2022-06-14,"-5,03472221","-42,80138888",0.0,1004.69,1149.69,26.74,78.25,2.99
2022-06-15,"-5,03472221","-42,80138888",0.2,1005.05,1139.45,25.35,75.12,3.65
2022-06-16,"-5,03472221","-42,80138888",0.0,1004.33,1267.39,26.2,71.29,4.35
2022-06-17,"-5,03472221","-42,80138888",0.0,1003.54,1266.12,25.95,75.75,2.87
2022-06-18,"-5,03472221","-42,80138888",0.2,1004.3,1247.78,25.91,75.92,2.01
2022-06-19,"-5,03472221","-42,80138888",0.0,1004.14,1206.77,26.27,75.83,2.35
2022-06-20,"-5,03472221","-42,80138888",0.0,1004.08,1199.22,26.44,74.83,3.07
2022-06-21,"-5,03472221","-42,80138888",0.0,1004.15,712.82,25.32,78.58,3.32
2022-06-22,"-5,03472221","-42,80138888",0.0,1003.88,685.03,26.35,74.5,3.06
2022-06-23,"-5,03472221","-42,80138888",0.0,1004.22,826.69,25.26,77.83,3.11
2022-06-24,"-5,03472221","-42,80138888",0.0,1004.09,853.18,26.38,73.71,3.42
2022-06-25,"-5,03472221","-42,80138888",0.0,1003.65,987.38,25.93,71.04,3.75
2022-06-26,"-5,03472221","-42,80138888",0.2,1003.36,1270.78,24.52,72.58,3.08
2022-06-27,"-5,03472221","-42,80138888",0.0,1003.39,1266.59,25.2,72.88,3.25
2022-06-28,"-5,03472221","-42,80138888",0.0,1004.47,1267.8,25.87,69.12,3.26
2022-06-29,"-5,03472221","-42,80138888",0.0,1005.22,1085.02,26.51,71.42,3.07
2022-06-30,"-5,03472221","-42,80138888",0.0,1004.02,1280.23,26.98,73.83,2.63
2022-07-01,"-5,03472221","-42,80138888",0.0,1003.85,1190.55,26.93,74.83,2.88
2022-07-02,"-5,03472221","-42,80138888",0.0,1005.32,996.54,26.97,74.29,3.53
2022-07-03,"-5,03472221","-42,80138888",0.0,1006.08,1214.12,27.09,63.62,5.06
2022-07-04,"-5,03472221","-42,80138888",0.0,1005.66,1036.33,26.86,65.25,4.21
2022-07-05,"-5,03472221","-42,80138888",0.0,1004.92,875.13,26.49,67.25,4.85
2022-07-06,"-5,03472221","-42,80138888",0.0,1004.5,1179.22,27.08,66.08,4.74
2022-07-07,"-5,03472221","-42,80138888",0.0,1005.48,807.74,26.26,71.25,3.96
2022-07-08,"-5,03472221","-42,80138888",0.2,1007.09,934.94,26.31,70.25,5.64
2022-07-09,"-5,03472221","-42,80138888",0.0,1005.89,1240.33,25.62,67.54,4.59
2022-07-10,"-5,03472221","-42,80138888",0.0,1004.54,1014.0,25.38,71.12,4.06
2022-07-11,"-5,03472221","-42,80138888",0.0,1003.44,1258.25,27.59,59.54,4.9
2022-07-12,"-5,03472221","-42,80138888",0.0,1003.69,1166.9,26.72,71.83,2.33
2022-07-13,"-5,03472221","-42,80138888",0.0,1004.1,1293.92,27.35,69.04,2.98
2022-07-14,"-5,03472221","-42,80138888",0.0,1004.35,1153.08,26.78,68.12,4.19
2022-07-15,"-5,03472221","-42,80138888",0.0,1004.13,1003.5,25.82,69.88,3.5
2022-07-16,"-5,03472221","-42,80138888",0.0,1003.68,1282.27,26.26,67.71,3.3
2022-07-17,"-5,03472221","-42,80138888",0.0,1004.53,1277.29,26.07,68.83,3.23
2022-07-18,"-5,03472221","-42,80138888",0.0,1005.16,1283.57,27.02,64.04,3.85
2022-07-19,"-5,03472221","-42,80138888",0.0,1005.24,1282.87,26.45,63.62,3.83
2022-07-20,"-5,03472221","-42,80138888",0.0,1003.72,1285.9,25.44,66.54,3.66
2022-07-21,"-5,03472221","-42,80138888",0.0,1003.65,1205.72,25.13,69.04,3.02
2022-07-22,"-5,03472221","-42,80138888",0.0,1003.58,1071.63,27.45,61.54,4.0
2022-07-23,"-5,03472221","-42,80138888",0.0,1003.01,1213.58,26.19,67.5,3.3
2022-07-24,"-5,03472221","-42,80138888",0.0,1003.05,1258.66,26.97,63.17,3.12
2022-07-25,"-5,03472221","-42,80138888",0.0,1003.84,1277.04,27.77,52.96,5.22
2022-07-26,"-5,03472221","-42,80138888",0.0,1004.33,1314.47,25.23,64.75,3.54
2022-07-27,"-5,03472221","-42,80138888",0.0,1004.75,1251.28,25.25,67.79,3.31
2022-07-28,"-5,03472221","-42,80138888",0.0,1003.62,1280.05,26.24,65.29,3.57
2022-07-29,"-5,03472221","-42,80138888",0.0,1003.82,1119.09,26.48,70.12,2.42
2022-07-30,"-5,03472221","-42,80138888",2.4,1004.14,995.95,26.85,74.38,3.46
2022-07-31,"-5,03472221","-42,80138888",0.0,1004.87,894.79,26.82,73.25,3.99
2022-08-01,"-5,03472221","-42,80138888",0.0,1003.83,1266.57,27.51,65.04,3.72
2022-08-02,"-5,03472221","-42,80138888",0.0,1003.33,1353.01,25.64,63.21,3.9
2022-08-03,"-5,03472221","-42,80138888",0.0,1003.03,1344.98,27.42,63.62,3.38
2022-08-04,"-5,03472221","-42,80138888",0.0,1003.25,1043.53,27.42,67.75,3.7
2022-08-05,"-5,03472221","-42,80138888",0.0,1003.65,1123.27,28.04,61.88,5.47
2022-08-06,"-5,03472221","-42,80138888",0.0,1002.68,1346.78,27.12,65.83,3.43
2022-08-07,"-5,03472221","-42,80138888",0.0,1003.08,1377.85,26.95,63.67,3.89
2022-08-08,"-5,03472221","-42,80138888",0.0,1003.16,1391.89,26.38,62.96,3.31
2022-08-09,"-5,03472221","-42,80138888",0.0,1004.28,1388.18,27.17,58.96,3.41
2022-08-10,"-5,03472221","-42,80138888",0.0,1004.68,1341.28,26.76,61.92,2.76
2022-08-11,"-5,03472221","-42,80138888",0.0,1004.07,1296.42,27.19,66.08,2.88
2022-08-12,"-5,03472221","-42,80138888",0.0,1005.02,1319.34,27.6,67.25,2.78
2022-08-13,"-5,03472221","-42,80138888",0.0,1005.78,1307.85,28.2,62.58,4.52
2022-08-14,"-5,03472221","-42,80138888",0.0,1005.49,1410.18,27.14,53.83,4.0
2022-08-15,"-5,03472221","-42,80138888",0.0,1004.07,1417.18,27.0,52.62,4.99
2022-08-16,"-5,03472221","-42,80138888",0.0,1003.98,1427.95,26.57,57.08,4.47
2022-08-17,"-5,03472221","-42,80138888",0.0,1003.52,1380.94,26.53,61.25,4.0
2022-08-18,"-5,03472221","-42,80138888",0.0,1003.47,1268.43,27.5,60.25,3.33
2022-08-19,"-5,03472221","-42,80138888",0.0,1004.56,1389.17,27.76,61.0,3.36
2022-08-20,"-5,03472221","-42,80138888",0.0,1004.05,1401.85,26.51,60.58,3.64
2022-08-21,"-5,03472221","-42,80138888",0.0,1004.67,1466.4,25.08,57.33,4.34
2022-08-22,"-5,03472221","-42,80138888",0.0,1004.52,1322.65,25.28,59.38,3.85
2022-08-23,"-5,03472221","-42,80138888",0.0,1004.29,1297.01,27.23,60.58,3.33
2022-08-24,"-5,03472221","-42,80138888",1.0,1004.63,1373.61,28.86,58.25,4.46
2022-08-25,"-5,03472221","-42,80138888",0.0,1005.1,1301.52,28.64,55.46,4.86
2022-08-26,"-5,03472221","-42,80138888",0.0,1005.24,1438.32,26.93,56.96,3.92
2022-08-27,"-5,03472221","-42,80138888",0.0,1003.94,1487.58,25.89,56.88,3.94
2022-08-28,"-5,03472221","-42,80138888",0.0,1003.85,1405.7,26.6,59.92,3.27
2022-08-29,"-5,03472221","-42,80138888",0.0,1003.48,1479.35,27.76,57.46,3.49
2022-08-30,"-5,03472221","-42,80138888",0.0,1003.62,1465.35,27.65,57.46,4.19
2022-08-31,"-5,03472221","-42,80138888",0.0,1004.42,1489.45,28.16,54.75,4.98
2022-09-01,"-5,03472221","-42,80138888",0.0,1003.52,1504.55,28.09,46.29,5.0
2022-09-02,"-5,03472221","-42,80138888",0.0,1003.7,1514.58,26.89,54.58,3.82
2022-09-03,"-5,03472221","-42,80138888",0.0,1004.2,1391.55,26.99,60.17,3.7
2022-09-04,"-5,03472221","-42,80138888",0.0,1003.65,1488.41,28.77,57.21,3.67
2022-09-05,"-5,03472221","-42,80138888",0.0,1004.44,1465.32,29.75,54.21,4.11
2022-09-06,"-5,03472221","-42,80138888",0.0,1005.38,1498.58,29.4,51.0,5.03
2022-09-07,"-5,03472221","-42,80138888",0.0,1004.78,1523.27,28.39,50.04,4.75
2022-09-08,"-5,03472221","-42,80138888",0.0,1003.55,1533.28,28.09,51.92,3.94
2022-09-09,"-5,03472221","-42,80138888",0.0,1003.99,1471.73,27.9,55.67,3.52
2022-09-10,"-5,03472221","-42,80138888",0.0,1004.69,1498.75,27.83,56.88,3.55
2022-09-11,"-5,03472221","-42,80138888",0.0,1003.69,1495.08,28.36,58.83,3.82
2022-09-12,"-5,03472221","-42,80138888",0.0,1002.64,1477.54,28.76,58.42,3.85
2022-09-13,"-5,03472221","-42,80138888",0.0,1002.21,1495.61,27.9,60.33,3.08
2022-09-14,"-5,03472221","-42,80138888",0.0,1003.12,1505.3,29.31,56.46,3.66
2022-09-15,"-5,03472221","-42,80138888",0.0,1002.98,1426.65,29.55,59.58,4.77
2022-09-16,"-5,03472221","-42,80138888",9.8,1003.3,1454.67,28.72,63.42,4.39
2022-09-17,"-5,03472221","-42,80138888",0.0,1002.56,1366.1,28.9,60.0,4.5
2022-09-18,"-5,03472221","-42,80138888",0.0,1002.35,1183.9,28.58,60.42,4.4
2022-09-19,"-5,03472221","-42,80138888",0.0,1001.82,1416.6,29.47,57.83,4.46
2022-09-20,"-5,03472221","-42,80138888",0.0,1001.53,1507.82,29.58,55.58,3.68
2022-09-21,"-5,03472221","-42,80138888",0.0,1001.42,1553.66,29.18,56.54,4.3
2022-09-22,"-5,03472221","-42,80138888",7.8,1002.29,1372.41,28.97,60.42,4.71
2022-09-23,"-5,03472221","-42,80138888",1.2,1002.77,1522.95,28.18,67.17,3.42
2022-09-24,"-5,03472221","-42,80138888",0.0,1002.62,1212.98,28.83,63.79,5.07
2022-09-25,"-5,03472221","-42,80138888",0.0,1002.89,1082.46,28.0,65.04,4.21
2022-09-26,"-5,03472221","-42,80138888",0.0,1003.06,1466.99,29.16,56.25,4.37
2022-09-27,"-5,03472221","-42,80138888",0.2,1003.18,1290.37,29.24,57.75,4.13
2022-09-28,"-5,03472221","-42,80138888",0.0,1002.18,1473.92,29.22,57.25,3.94
2022-09-29,"-5,03472221","-42,80138888",0.0,1002.1,1471.75,29.05,56.58,3.99
2022-09-30,"-5,03472221","-42,80138888",5.4,1002.41,1333.48,28.99,60.54,4.39
2022-10-01,"-5,03472221","-42,80138888",0.4,1003.01,1372.11,28.69,62.17,3.92
2022-10-02,"-5,03472221","-42,80138888",0.0,1003.19,1410.75,29.8,55.79,4.02
2022-10-03,"-5,03472221","-42,80138888",0.0,1003.31,1403.12,29.04,58.58,3.74
2022-10-04,"-5,03472221","-42,80138888",0.0,1002.35,1515.25,29.1,56.88,4.57
2022-10-05,"-5,03472221","-42,80138888",0.0,1001.0,1511.76,29.53,55.67,4.09
2022-10-06,"-5,03472221","-42,80138888",0.0,1001.7,1552.32,29.85,55.08,5.47
2022-10-07,"-5,03472221","-42,80138888",0.0,1001.8,1504.1,29.7,52.58,4.53
2022-10-08,"-5,03472221","-42,80138888",0.0,1001.06,1490.78,29.6,57.17,4.34
2022-10-09,"-5,03472221","-42,80138888",0.2,1001.02,1412.82,28.68,64.5,3.89
2022-10-10,"-5,03472221","-42,80138888",0.0,1002.54,1440.0,29.88,56.21,4.76
2022-10-11,"-5,03472221","-42,80138888",0.0,1003.08,1427.74,29.69,52.42,4.52
2022-10-12,"-5,03472221","-42,80138888",0.0,1001.15,1591.17,29.36,51.25,3.92
2022-10-13,"-5,03472221","-42,80138888",0.0,1001.59,1467.32,29.81,52.25,3.81
2022-10-14,"-5,03472221","-42,80138888",0.0,1002.66,1362.28,30.52,53.38,4.78
2022-10-15,"-5,03472221","-42,80138888",0.0,1002.35,1449.78,30.31,51.38,4.0
2022-10-16,"-5,03472221","-42,80138888",0.0,1001.06,1473.07,29.75,55.58,4.34
2022-10-17,"-5,03472221","-42,80138888",0.0,1000.6,1561.56,29.81,52.83,3.96
2022-10-18,"-5,03472221","-42,80138888",0.0,1002.37,1362.38,29.97,51.75,5.11
2022-10-19,"-5,03472221","-42,80138888",0.0,1002.68,1421.61,29.87,52.42,4.6
2022-10-20,"-5,03472221","-42,80138888",0.0,1001.2,1471.75,30.46,53.38,4.0
2022-10-21,"-5,03472221","-42,80138888",0.0,999.73,1455.95,29.9,56.33,3.62
2022-10-22,"-5,03472221","-42,80138888",0.0,1000.78,1427.9,30.75,52.96,4.9
2022-10-23,"-5,03472221","-42,80138888",0.8,1002.59,1161.4,29.57,62.46,4.04
2022-10-24,"-5,03472221","-42,80138888",0.0,1001.23,1247.38,29.77,59.46,3.77
2022-10-25,"-5,03472221","-42,80138888",0.0,1000.81,975.4,29.15,63.5,4.82
2022-10-26,"-5,03472221","-42,80138888",7.8,1002.31,950.43,26.78,76.04,3.83
2022-10-27,"-5,03472221","-42,80138888",0.0,1002.12,1398.55,28.88,63.04,4.11
2022-10-28,"-5,03472221","-42,80138888",0.0,1001.43,1526.81,29.58,56.08,4.45
2022-10-29,"-5,03472221","-42,80138888",0.0,999.9,1520.38,29.72,54.79,4.1
2022-10-30,"-5,03472221","-42,80138888",0.0,998.9,1527.03,30.03,56.08,3.94
2022-10-31,"-5,03472221","-42,80138888",0.0,1000.13,1582.42,30.28,49.42,3.9
2022-11-01,"-5,03472221","-42,80138888",0.0,1001.56,1503.63,29.93,54.21,4.86
2022-11-02,"-5,03472221","-42,80138888",0.0,1003.24,926.63,28.34,64.46,5.01
2022-11-03,"-5,03472221","-42,80138888",0.0,1001.76,1099.16,28.26,67.58,3.31
2022-11-04,"-5,03472221","-42,80138888",14.2,1003.3,268.22,24.81,85.67,3.98
2022-11-05,"-5,03472221","-42,80138888",3.6,1003.16,1331.45,26.42,74.17,2.79
2022-11-06,"-5,03472221","-42,80138888",27.2,1003.69,446.23,25.11,83.83,3.06
2022-11-07,"-5,03472221","-42,80138888",0.6,1003.48,927.22,26.53,80.0,3.12
2022-11-08,"-5,03472221","-42,80138888",41.0,1003.62,827.19,25.98,81.0,4.44
2022-11-09,"-5,03472221","-42,80138888",0.0,1004.05,1240.49,27.34,70.75,3.61
2022-11-10,"-5,03472221","-42,80138888",0.0,1002.62,1456.56,28.19,66.83,3.14
2022-11-11,"-5,03472221","-42,80138888",0.0,1001.52,1270.87,28.06,71.58,2.68
2022-11-12,"-5,03472221","-42,80138888",0.0,1000.96,1316.68,28.18,70.92,3.54
2022-11-13,"-5,03472221","-42,80138888",0.0,1001.23,1274.57,28.42,68.25,3.71
2022-11-14,"-5,03472221","-42,80138888",13.4,1002.22,945.46,27.1,76.42,4.32
2022-11-15,"-5,03472221","-42,80138888",5.6,1003.2,1414.55,27.41,73.25,3.3
2022-11-16,"-5,03472221","-42,80138888",0.0,1001.83,1545.34,28.12,66.92,3.44
2022-11-17,"-5,03472221","-42,80138888",0.0,1001.09,1366.64,28.02,71.62,3.02
2022-11-18,"-5,03472221","-42,80138888",0.0,1001.72,1007.72,27.36,73.04,4.07
2022-11-19,"-5,03472221","-42,80138888",0.2,1002.38,1045.44,27.17,72.12,3.49
2022-11-20,"-5,03472221","-42,80138888",0.0,1002.44,848.69,26.91,72.12,3.54
2022-11-21,"-5,03472221","-42,80138888",0.0,1000.75,1278.03,27.74,69.67,2.95
2022-11-22,"-5,03472221","-42,80138888",0.0,1000.2,1450.69,28.27,64.75,3.55
2022-11-23,"-5,03472221","-42,80138888",0.0,999.75,1468.41,28.72,63.62,3.04
2022-11-24,"-5,03472221","-42,80138888",0.0,999.66,1528.13,28.91,61.0,3.43
2022-11-25,"-5,03472221","-42,80138888",0.2,1001.51,1092.87,28.32,64.25,4.35
2022-11-26,"-5,03472221","-42,80138888",1.4,1002.37,846.6,27.2,76.0,3.08
2022-11-27,"-5,03472221","-42,80138888",0.0,1002.05,837.71,26.95,72.25,3.2
2022-11-28,"-5,03472221","-42,80138888",0.6,999.38,1176.6,26.91,74.46,4.24
2022-11-29,"-5,03472221","-42,80138888",11.0,998.48,954.89,26.25,78.33,3.65
2022-11-30,"-5,03472221","-42,80138888",3.2,999.24,1238.93,26.2,76.29,2.94
2022-12-01,"-5,03472221","-42,80138888",0.0,999.92,1273.07,26.9,75.88,3.59
2022-12-02,"-5,03472221","-42,80138888",33.0,999.92,1165.41,27.82,72.67,3.74
2022-12-03,"-5,03472221","-42,80138888",0.0,999.72,1501.98,28.2,65.08,3.4
2022-12-04,"-5,03472221","-42,80138888",0.0,999.17,1349.55,27.46,69.5,2.65
2022-12-05,"-5,03472221","-42,80138888",0.0,1000.38,1440.65,28.38,65.62,3.36
2022-12-06,"-5,03472221","-42,80138888",0.6,1002.63,1398.81,28.22,67.5,4.58
2022-12-07,"-5,03472221","-42,80138888",0.2,1001.64,1584.38,28.04,64.88,3.08
2022-12-08,"-5,03472221","-42,80138888",0.4,999.84,1360.89,28.21,67.25,3.13
2022-12-09,"-5,03472221","-42,80138888",0.0,1001.03,1394.06,28.97,61.33,4.8
2022-12-10,"-5,03472221","-42,80138888",8.0,1002.24,1126.55,27.34,73.12,4.13
2022-12-11,"-5,03472221","-42,80138888",3.2,1002.34,940.35,26.69,75.42,3.08
2022-12-12,"-5,03472221","-42,80138888",17.0,1001.36,1154.67,26.32,80.5,3.3
2022-12-13,"-5,03472221","-42,80138888",0.0,1001.37,1515.85,27.14,71.33,3.05
2022-12-14,"-5,03472221","-42,80138888",0.0,1001.16,1385.5,27.8,69.46,3.57
2022-12-15,"-5,03472221","-42,80138888",4.8,1001.6,1273.09,27.38,72.79,3.71
2022-12-16,"-5,03472221","-42,80138888",0.6,1000.62,767.6,26.88,76.62,3.28
2022-12-17,"-5,03472221","-42,80138888",0.0,1000.0,1002.3,26.87,76.62,3.58
2022-12-18,"-5,03472221","-42,80138888",0.0,1000.81,1180.2,27.48,73.54,2.99
2022-12-19,"-5,03472221","-42,80138888",0.6,1001.46,1283.95,28.23,67.83,3.58
2022-12-20,"-5,03472221","-42,80138888",0.0,1001.9,1159.85,28.22,67.38,4.0
2022-12-21,"-5,03472221","-42,80138888",0.0,1001.47,1078.29,27.82,70.46,3.24
2022-12-22,"-5,03472221","-42,80138888",20.8,1000.98,1082.63,27.75,69.71,4.53
2022-12-23,"-5,03472221","-42,80138888",25.2,1003.72,794.72,24.88,84.42,2.62
2022-12-24,"-5,03472221","-42,80138888",16.6,1002.65,926.94,26.67,78.75,2.84
2022-12-25,"-5,03472221","-42,80138888",11.8,1002.05,1043.35,26.15,81.08,3.25
2022-12-26,"-5,03472221","-42,80138888",0.0,1001.77,1004.66,26.67,76.88,2.92
2022-12-27,"-5,03472221","-42,80138888",21.4,1002.44,1080.15,25.6,82.54,3.32
2022-12-28,"-5,03472221","-42,80138888",3.0,1002.98,938.64,26.22,82.08,2.7
2022-12-29,"-5,03472221","-42,80138888",11.4,1003.79,1322.34,26.24,77.0,3.53
2022-12-30,"-5,03472221","-42,80138888",68.0,1003.46,747.53,24.82,85.58,4.3
2022-12-31,"-5,03472221","-42,80138888",47.6,1002.8,699.35,25.24,83.5,2.78
2022-01-01,"-15,559295","-56,062951",0.0,985.33,1813.79,28.92,62.33,5.31
2022-01-02,"-15,559295","-56,062951",0.0,986.67,1859.61,30.24,58.09,6.45
2022-01-03,"-15,559295","-56,062951",0.6,987.88,1549.1,29.69,62.32,7.05
2022-01-04,"-15,559295","-56,062951",0.4,986.22,1530.82,28.65,65.36,6.23
2022-01-05,"-15,559295","-56,062951",36.2,986.99,669.34,25.09,80.09,5.53
2022-01-06,"-15,559295","-56,062951",0.4,986.75,1239.36,26.66,74.91,3.2
2022-01-07,"-15,559295","-56,062951",6.2,986.51,1989.06,28.48,67.62,4.17
2022-01-08,"-15,559295","-56,062951",7.2,986.4,1265.48,28.81,66.43,4.34
2022-01-09,"-15,559295","-56,062951",1.6,987.62,1244.09,27.59,70.43,4.77
2022-01-10,"-15,559295","-56,062951",10.2,987.96,890.27,26.86,73.81,4.77
2022-01-11,"-15,559295","-56,062951",0.4,986.96,1669.42,28.13,68.77,3.48
2022-01-12,"-15,559295","-56,062951",6.4,987.76,1651.58,28.56,63.55,4.35
2022-01-13,"-15,559295","-56,062951",0.0,989.48,1375.05,27.3,62.77,5.91
2022-01-14,"-15,559295","-56,062951",3.0,992.76,1103.18,27.88,64.86,5.6
2022-01-15,"-15,559295","-56,062951",0.2,992.92,1786.63,29.49,62.09,2.75
2022-01-16,"-15,559295","-56,062951",21.4,990.92,1605.79,28.48,64.58,5.03
2022-01-17,"-15,559295","-56,062951",0.0,989.7,2091.19,30.92,51.17,3.9
2022-01-18,"-15,559295","-56,062951",0.2,990.53,1753.46,29.99,54.0,5.24
2022-01-19,"-15,559295","-56,062951",35.0,992.56,1269.18,27.52,69.5,4.39
2022-01-20,"-15,559295","-56,062951",2.6,991.38,1869.19,27.81,66.96,4.3
2022-01-21,"-15,559295","-56,062951",1.4,990.95,1401.31,27.34,68.12,4.42
2022-01-22,"-15,559295","-56,062951",0.0,989.88,1382.55,28.09,66.19,3.64
2022-01-23,"-15,559295","-56,062951",0.0,988.91,1587.26,29.27,64.5,3.18
2022-01-24,"-15,559295","-56,062951",0.0,988.82,2056.32,30.14,57.5,3.68
2022-01-25,"-15,559295","-56,062951",3.6,988.22,1734.38,29.41,63.04,5.83
2022-01-26,"-15,559295","-56,062951",12.8,988.83,1551.56,27.02,72.43,4.86
2022-01-27,"-15,559295","-56,062951",19.6,988.54,1347.03,27.06,71.1,5.01
2022-01-28,"-15,559295","-56,062951",12.0,986.37,1170.8,26.82,74.43,4.48
2022-01-29,"-15,559295","-56,062951",3.8,986.06,711.94,26.0,76.73,4.35
2022-01-30,"-15,559295","-56,062951",8.4,986.98,1057.03,25.92,77.6,6.38
2022-01-31,"-15,559295","-56,062951",7.6,987.8,1169.32,25.49,77.8,6.51
2022-02-01,"-15,559295","-56,062951",0.2,988.21,1320.33,26.28,71.32,6.92
2022-02-02,"-15,559295","-56,062951",0.0,989.08,1551.79,27.53,66.55,5.71
2022-02-03,"-15,559295","-56,062951",37.8,990.12,1219.68,26.91,71.0,6.26
2022-02-04,"-15,559295","-56,062951",0.0,989.75,1941.64,29.0,62.67,4.1
2022-02-05,"-15,559295","-56,062951",0.0,989.0,1756.56,29.65,59.83,4.76
2022-02-06,"-15,559295","-56,062951",9.0,990.17,1586.71,27.13,70.89,4.62
2022-02-07,"-15,559295","-56,062951",3.4,990.45,1449.7,27.11,73.21,3.6
2022-02-08,"-15,559295","-56,062951",0.2,989.74,1277.02,26.88,74.75,3.77
2022-02-09,"-15,559295","-56,062951",9.8,988.88,663.18,25.22,82.29,3.52
2022-02-10,"-15,559295","-56,062951",1.4,987.48,1658.31,27.31,68.76,5.16
2022-02-11,"-15,559295","-56,062951",0.4,987.59,812.22,27.08,71.04,4.65
2022-02-12,"-15,559295","-56,062951",5.2,987.88,1666.55,27.65,69.35,4.49
2022-02-13,"-15,559295","-56,062951",40.0,988.43,830.99,25.34,80.38,3.96
2022-02-14,"-15,559295","-56,062951",1.2,988.75,1470.69,27.41,74.1,3.42
2022-02-15,"-15,559295","-56,062951",0.0,989.95,1921.54,29.07,64.14,5.46
2022-02-16,"-15,559295","-56,062951",24.4,989.81,1448.23,29.03,68.79,4.53
2022-02-17,"-15,559295","-56,062951",9.8,989.27,1686.94,27.53,72.92,5.11
2022-02-18,"-15,559295","-56,062951",41.2,987.48,1031.54,26.78,75.86,3.52
2022-02-19,"-15,559295","-56,062951",7.8,986.74,1616.21,26.93,74.86,4.5
2022-02-20,"-15,559295","-56,062951",0.0,987.93,1656.14,27.19,69.62,6.85
2022-02-21,"-15,559295","-56,062951",12.4,990.12,1308.58,27.13,67.91,6.18
2022-02-22,"-15,559295","-56,062951",0.0,990.73,1539.33,28.44,65.22,3.78
2022-02-23,"-15,559295","-56,062951",19.0,990.93,1038.42,25.84,79.17,4.34
2022-02-24,"-15,559295","-56,062951",0.0,990.42,1821.7,30.1,59.55,5.25
2022-02-25,"-15,559295","-56,062951",0.0,992.08,1849.69,32.18,51.44,5.05
2022-02-26,"-15,559295","-56,062951",0.0,991.82,2647.35,32.3,56.67,4.04
2022-02-27,"-15,559295","-56,062951",0.0,990.65,2722.43,31.85,54.17,6.0
2022-02-28,"-15,559295","-56,062951",0.0,990.17,2776.5,33.53,49.33,5.28
2022-03-01,"-15,559295","-56,062951",0.0,990.61,1246.11,29.64,67.44,3.66
2022-03-02,"-15,559295","-56,062951",0.0,990.54,2446.34,30.93,58.43,5.53
2022-03-03,"-15,559295","-56,062951",0.2,991.56,1786.45,28.16,65.25,4.2
2022-03-04,"-15,559295","-56,062951",0.8,990.66,1677.26,28.63,65.43,5.5
2022-03-05,"-15,559295","-56,062951",0.0,990.6,2053.47,29.43,59.33,6.13
2022-03-06,"-15,559295","-56,062951",0.0,989.96,2593.16,31.0,48.2,6.85
2022-03-07,"-15,559295","-56,062951",0.0,990.36,2514.1,30.14,54.8,5.82
2022-03-08,"-15,559295","-56,062951",0.0,991.5,1858.15,28.0,66.0,2.55
2022-03-09,"-15,559295","-56,062951",0.0,990.35,2490.07,30.1,60.0,3.87
2022-03-10,"-15,559295","-56,062951",0.0,990.66,2442.7,29.73,59.43,6.41
2022-03-11,"-15,559295","-56,062951",0.0,990.35,1974.5,30.63,56.67,4.6
2022-03-12,"-15,559295","-56,062951",0.2,990.39,1476.69,26.89,71.0,3.85
2022-03-13,"-15,559295","-56,062951",0.0,991.93,2399.79,29.54,62.57,3.46
2022-03-14,"-15,559295","-56,062951",0.0,990.86,1868.51,27.29,71.0,3.73
2022-03-15,"-15,559295","-56,062951",0.0,991.64,1542.3,28.74,64.2,3.92
2022-03-16,"-15,559295","-56,062951",0.0,989.7,1801.61,29.77,54.0,3.17
2022-03-17,"-15,559295","-56,062951",0.0,991.38,1506.06,27.9,69.4,5.32
2022-03-18,"-15,559295","-56,062951",0.2,991.81,2538.32,30.94,56.88,5.64
2022-03-19,"-15,559295","-56,062951",0.0,992.5,2224.32,30.44,57.0,4.36
2022-03-20,"-15,559295","-56,062951",0.0,991.27,1795.6,28.83,68.67,4.35
2022-03-21,"-15,559295","-56,062951",0.0,990.48,2237.69,30.3,62.75,3.64
2022-03-22,"-15,559295","-56,062951",0.6,989.61,2180.28,30.36,58.5,4.36
2022-03-23,"-15,559295","-56,062951",0.0,989.44,2547.01,32.72,51.12,6.66
2022-03-24,"-15,559295","-56,062951",0.0,988.4,2874.33,33.85,47.83,7.52
2022-03-26,"-15,559295","-56,062951",0.0,992.3,1230.15,25.45,78.5,6.3
2022-03-27,"-15,559295","-56,062951",0.0,991.47,3375.53,29.97,63.0,4.0
2022-03-28,"-15,559295","-56,062951",0.0,991.93,2623.14,31.0,57.57,3.86
2022-03-29,"-15,559295","-56,062951",0.0,990.7,584.0,29.4,62.5,4.64
2022-03-30,"-15,559295","-56,062951",0.0,992.12,1631.95,27.9,68.0,5.03
2022-04-03,"-15,559295","-56,062951",0.0,990.82,3089.24,30.02,57.0,3.78
2022-04-04,"-15,559295","-56,062951",0.0,991.66,1712.0,30.26,59.86,3.02
2022-04-05,"-15,559295","-56,062951",0.0,991.63,2631.67,32.77,45.67,4.22
2022-04-06,"-15,559295","-56,062951",0.2,991.6,2081.72,31.38,53.6,3.5
2022-04-07,"-15,559295","-56,062951",0.0,991.28,1694.52,31.17,53.0,4.0
2022-04-08,"-15,559295","-56,062951",0.0,991.22,2556.15,33.68,46.75,4.77
2022-04-10,"-15,559295","-56,062951",0.2,989.4,1696.53,31.28,56.22,4.97
2022-04-11,"-15,559295","-56,062951",0.0,988.71,2627.99,33.59,43.86,7.6
2022-04-12,"-15,559295","-56,062951",0.0,989.8,2698.24,32.64,46.29,6.16
2022-04-13,"-15,559295","-56,062951",0.0,989.1,523.4,31.6,53.0,4.64
2022-04-15,"-15,559295","-56,062951",0.0,991.2,1700.9,28.05,62.0,4.1
2022-04-16,"-15,559295","-56,062951",0.0,992.58,2650.36,29.82,49.2,4.78
2022-04-17,"-15,559295","-56,062951",0.0,992.63,2587.74,29.7,51.29,4.15
2022-04-18,"-15,559295","-56,062951",0.0,992.22,2101.04,28.74,43.58,3.87
2022-04-19,"-15,559295","-56,062951",0.0,991.46,1766.32,26.8,59.54,2.58
2022-04-20,"-15,559295","-56,062951",0.0,991.04,1723.98,29.04,57.42,2.87
2022-04-21,"-15,559295","-56,062951",0.0,990.46,1232.93,29.25,58.04,2.3
2022-04-22,"-15,559295","-56,062951",0.0,987.82,1640.38,29.67,53.43,4.67
2022-04-23,"-15,559295","-56,062951",2.8,988.95,1293.01,29.27,58.17,5.11
2022-04-24,"-15,559295","-56,062951",25.6,990.48,1462.43,27.77,69.21,4.64
2022-04-25,"-15,559295","-56,062951",4.0,990.63,1539.98,28.82,66.83,3.68
2022-04-26,"-15,559295","-56,062951",0.0,989.95,1696.98,30.51,53.33,3.88
2022-04-27,"-15,559295","-56,062951",0.0,989.52,1756.9,30.76,46.42,4.8
2022-04-28,"-15,559295","-56,062951",0.0,991.32,1737.42,29.02,50.5,3.13
2022-04-29,"-15,559295","-56,062951",0.0,992.11,1656.44,28.9,52.08,3.13
2022-04-30,"-15,559295","-56,062951",0.0,991.66,1762.25,28.52,56.62,2.43
2022-05-01,"-15,559295","-56,062951",0.0,990.61,1721.29,29.37,54.21,2.92
2022-05-02,"-15,559295","-56,062951",0.0,990.72,1597.94,29.58,50.08,3.49
2022-05-03,"-15,559295","-56,062951",0.0,992.2,817.18,26.45,61.79,4.21
2022-05-04,"-15,559295","-56,062951",0.0,996.54,785.23,20.08,70.43,5.6
2022-05-05,"-15,559295","-56,062951",0.0,995.85,1840.08,20.84,59.17,3.56
2022-05-06,"-15,559295","-56,062951",0.0,995.58,1811.1,22.3,55.71,2.98
2022-05-07,"-15,559295","-56,062951",0.0,995.78,1806.03,23.6,52.17,2.9
2022-05-08,"-15,559295","-56,062951",0.0,993.84,1780.31,24.55,55.04,2.76
2022-05-09,"-15,559295","-56,062951",0.0,993.08,1710.78,26.77,52.42,2.36
2022-05-10,"-15,559295","-56,062951",0.0,991.91,1722.3,27.9,52.54,2.54
2022-05-11,"-15,559295","-56,062951",0.0,991.98,1573.28,27.03,60.58,3.2
2022-05-12,"-15,559295","-56,062951",0.0,992.77,1120.1,25.7,71.88,4.07
2022-05-13,"-15,559295","-56,062951",0.0,991.49,1548.43,27.52,63.42,2.93
2022-05-14,"-15,559295","-56,062951",0.0,990.78,1543.49,28.75,54.46,3.0
2022-05-15,"-15,559295","-56,062951",0.0,990.84,1422.93,27.63,60.83,3.63
2022-05-16,"-15,559295","-56,062951",0.4,996.04,247.44,21.77,81.87,5.99
2022-05-17,"-15,559295","-56,062951",0.0,1000.26,1176.68,18.78,65.29,5.73
2022-05-18,"-15,559295","-56,062951",0.0,1001.1,1760.85,16.94,45.21,6.5
2022-05-19,"-15,559295","-56,062951",0.0,997.98,1693.52,15.7,52.96,3.52
2022-05-20,"-15,559295","-56,062951",0.0,997.43,1619.5,17.31,55.42,2.36
2022-05-21,"-15,559295","-56,062951",0.0,997.04,1593.98,19.43,52.09,2.01
2022-05-22,"-15,559295","-56,062951",0.0,996.17,1676.96,22.05,46.54,2.17
2022-05-23,"-15,559295","-56,062951",0.0,994.03,1519.85,24.91,46.88,2.83
2022-05-24,"-15,559295","-56,062951",0.0,992.87,1626.72,26.47,40.75,3.46
2022-05-25,"-15,559295","-56,062951",0.0,993.71,1468.48,26.67,47.0,3.21
2022-05-26,"-15,559295","-56,062951",0.0,994.21,1582.61,28.18,49.88,3.24
2022-05-27,"-15,559295","-56,062951",0.0,993.38,1544.34,27.72,47.12,3.55
2022-05-28,"-15,559295","-56,062951",0.0,991.5,1285.08,27.44,53.38,3.43
2022-05-29,"-15,559295","-56,062951",0.0,989.8,1513.9,28.76,49.38,4.33
2022-05-30,"-15,559295","-56,062951",0.0,989.96,1479.07,29.1,50.17,3.64
2022-05-31,"-15,559295","-56,062951",0.0,991.15,1063.92,25.15,70.83,3.9
2022-06-01,"-15,559295","-56,062951",0.0,991.72,1084.08,23.69,75.25,3.52
2022-06-02,"-15,559295","-56,062951",0.0,993.03,316.46,21.35,83.04,3.18
2022-06-03,"-15,559295","-56,062951",0.2,995.55,798.48,22.1,77.79,4.29
2022-06-04,"-15,559295","-56,062951",0.0,993.57,1342.02,23.24,73.62,2.67
2022-06-05,"-15,559295","-56,062951",0.2,992.01,1560.02,26.99,60.29,2.73
2022-06-06,"-15,559295","-56,062951",0.0,991.0,1365.98,27.53,49.88,3.19
2022-06-07,"-15,559295","-56,062951",0.0,990.62,1149.48,28.85,48.38,3.43
2022-06-08,"-15,559295","-56,062951",12.6,990.98,365.02,25.14,72.21,3.58
2022-06-09,"-15,559295","-56,062951",3.4,992.62,569.39,23.6,83.11,3.22
2022-06-10,"-15,559295","-56,062951",11.6,996.0,157.44,20.94,87.94,4.24
2022-06-11,"-15,559295","-56,062951",1.6,997.36,295.36,18.57,84.25,5.35
2022-06-12,"-15,559295","-56,062951",0.2,998.6,1254.12,18.78,70.75,4.95
2022-06-13,"-15,559295","-56,062951",0.0,998.03,1648.44,17.82,61.3,3.29
2022-06-14,"-15,559295","-56,062951",0.0,994.61,1323.02,19.92,54.33,2.1
2022-06-15,"-15,559295","-56,062951",0.0,993.19,1529.41,24.36,57.92,2.21
2022-06-16,"-15,559295","-56,062951",0.0,992.13,1401.88,27.34,57.0,3.13
2022-06-17,"-15,559295","-56,062951",0.0,990.98,1285.79,28.35,54.46,4.04
2022-06-18,"-15,559295","-56,062951",6.6,994.9,461.44,22.73,81.48,3.92
2022-06-19,"-15,559295","-56,062951",0.0,994.46,1235.06,23.65,74.83,3.27
2022-06-20,"-15,559295","-56,062951",0.0,993.12,1545.07,26.4,64.54,2.47
2022-06-21,"-15,559295","-56,062951",0.0,991.79,1525.77,26.98,54.5,3.08
2022-06-22,"-15,559295","-56,062951",0.0,991.89,1521.65,27.07,51.04,3.1
2022-06-23,"-15,559295","-56,062951",0.0,992.7,1497.58,26.61,51.91,2.7
2022-06-24,"-15,559295","-56,062951",0.0,993.29,1559.68,26.69,51.79,2.53
2022-06-25,"-15,559295","-56,062951",0.0,994.55,1438.0,25.5,54.35,2.44
2022-06-26,"-15,559295","-56,062951",0.0,995.9,990.66,21.1,72.08,4.54
2022-06-27,"-15,559295","-56,062951",0.0,993.8,1539.42,22.86,64.96,2.14
2022-06-28,"-15,559295","-56,062951",0.0,993.34,1515.03,25.0,55.41,2.38
2022-06-29,"-15,559295","-56,062951",0.0,995.5,1541.44,24.32,59.22,3.27
2022-06-30,"-15,559295","-56,062951",0.0,993.54,1444.8,24.98,60.74,2.17
2022-07-01,"-15,559295","-56,062951",0.0,992.08,1554.41,26.29,49.58,3.61
2022-07-02,"-15,559295","-56,062951",0.0,992.66,1540.78,27.4,45.38,3.88
2022-07-03,"-15,559295","-56,062951",0.0,994.71,1450.28,27.36,48.83,2.72
2022-07-04,"-15,559295","-56,062951",0.0,994.06,1552.08,27.95,48.25,2.95
2022-07-05,"-15,559295","-56,062951",0.0,993.67,1587.03,26.82,41.0,3.03
2022-07-06,"-15,559295","-56,062951",0.0,992.62,1560.76,25.93,44.33,3.96
2022-07-07,"-15,559295","-56,062951",0.0,992.44,1574.62,28.03,34.48,4.63
2022-07-08,"-15,559295","-56,062951",0.0,994.86,1465.37,26.9,44.38,2.95
2022-07-09,"-15,559295","-56,062951",0.0,994.06,1533.11,27.75,46.88,2.9
2022-07-10,"-15,559295","-56,062951",0.0,992.07,1574.31,28.17,43.88,3.86
2022-07-11,"-15,559295","-56,062951",0.0,990.18,1577.33,28.92,35.58,5.1
2022-07-12,"-15,559295","-56,062951",0.0,992.36,1391.04,28.03,40.25,4.35
2022-07-13,"-15,559295","-56,062951",0.0,993.62,1545.71,23.8,58.54,4.03
2022-07-14,"-15,559295","-56,062951",0.0,991.2,1529.29,27.35,47.29,4.38
2022-07-15,"-15,559295","-56,062951",0.0,990.21,1452.06,29.53,33.67,5.2
2022-07-16,"-15,559295","-56,062951",0.0,990.33,1448.19,30.72,38.88,5.38
2022-07-17,"-15,559295","-56,062951",0.0,995.19,1471.48,24.58,57.42,4.87
2022-07-18,"-15,559295","-56,062951",0.0,995.76,1571.08,23.0,58.17,3.66
2022-07-19,"-15,559295","-56,062951",0.0,995.31,1573.07,26.54,53.12,2.38
2022-07-20,"-15,559295","-56,062951",0.0,992.94,1596.76,27.06,42.75,2.51
2022-07-21,"-15,559295","-56,062951",0.0,991.26,1547.7,27.74,39.33,3.89
2022-07-22,"-15,559295","-56,062951",0.0,991.05,1590.3,28.28,38.25,3.4
2022-07-23,"-15,559295","-56,062951",0.0,991.05,1612.09,28.57,38.57,3.18
2022-07-24,"-15,559295","-56,062951",0.0,991.17,1457.43,29.5,35.88,3.44
2022-07-25,"-15,559295","-56,062951",0.0,992.56,1499.86,28.62,36.04,3.26
2022-07-26,"-15,559295","-56,062951",0.0,993.0,1607.54,28.42,36.54,2.85
2022-07-27,"-15,559295","-56,062951",0.0,992.8,1623.87,28.48,36.29,2.79
2022-07-28,"-15,559295","-56,062951",0.0,991.33,1616.9,28.53,35.87,3.9
2022-07-29,"-15,559295","-56,062951",0.0,993.06,1485.55,26.27,42.18,4.32
2022-07-30,"-15,559295","-56,062951",0.0,994.49,1619.32,22.49,58.54,4.0
2022-07-31,"-15,559295","-56,062951",0.0,992.45,1620.85,26.69,45.96,3.11
2022-08-01,"-15,559295","-56,062951",0.0,991.71,1517.28,27.85,33.91,2.97
2022-08-02,"-15,559295","-56,062951",0.0,990.24,1634.44,28.77,32.42,2.85
2022-08-03,"-15,559295","-56,062951",0.0,989.95,1642.67,29.0,32.5,3.61
2022-08-04,"-15,559295","-56,062951",0.0,989.79,1526.88,30.03,27.71,3.67
2022-08-05,"-15,559295","-56,062951",0.0,989.99,1576.06,28.56,36.04,2.87
2022-08-06,"-15,559295","-56,062951",0.0,989.7,1391.54,28.85,41.54,3.32
2022-08-07,"-15,559295","-56,062951",0.0,989.4,1566.18,30.16,33.33,4.27
2022-08-08,"-15,559295","-56,062951",10.8,991.92,958.81,26.68,67.75,4.53
2022-08-09,"-15,559295","-56,062951",0.6,996.28,530.16,22.36,79.52,6.1
2022-08-10,"-15,559295","-56,062951",1.2,1001.14,1394.68,17.69,68.3,7.0
2022-08-11,"-15,559295","-56,062951",0.0,997.15,1912.98,18.27,54.92,3.19
2022-08-12,"-15,559295","-56,062951",0.0,994.96,1866.66,22.72,45.12,2.35
2022-08-13,"-15,559295","-56,062951",0.0,993.41,1823.79,27.1,36.58,2.68
2022-08-14,"-15,559295","-56,062951",0.0,991.9,1825.51,28.78,33.92,3.44
2022-08-15,"-15,559295","-56,062951",0.0,989.25,1673.18,31.08,29.83,5.73
2022-08-16,"-15,559295","-56,062951",0.0,989.14,1441.58,30.73,42.62,6.54
2022-08-17,"-15,559295","-56,062951",0.0,988.2,1486.88,30.58,42.04,6.75
2022-08-18,"-15,559295","-56,062951",26.6,990.17,1241.27,29.47,43.92,8.6
2022-08-19,"-15,559295","-56,062951",0.4,1000.88,1460.98,19.5,63.79,8.67
2022-08-20,"-15,559295","-56,062951",0.0,999.41,1108.62,16.02,47.92,5.1
2022-08-21,"-15,559295","-56,062951",0.0,996.97,1764.3,21.98,54.29,2.53
2022-08-22,"-15,559295","-56,062951",0.0,994.62,1801.6,26.22,50.92,2.89
2022-08-23,"-15,559295","-56,062951",0.0,993.3,1685.21,28.12,44.17,2.94
2022-08-24,"-15,559295","-56,062951",0.0,993.51,1885.29,28.48,35.96,3.32
2022-08-25,"-15,559295","-56,062951",0.0,992.75,1788.49,28.43,32.21,2.44
2022-08-26,"-15,559295","-56,062951",0.0,992.01,1653.98,29.25,31.92,2.45
2022-08-27,"-15,559295","-56,062951",0.0,989.97,1537.21,30.19,31.88,2.72
2022-08-28,"-15,559295","-56,062951",0.0,991.57,1480.87,31.13,32.04,3.25
2022-08-29,"-15,559295","-56,062951",0.0,995.69,1751.8,26.4,47.83,6.7
2022-08-30,"-15,559295","-56,062951",0.0,995.16,1704.03,23.68,49.12,4.77
2022-08-31,"-15,559295","-56,062951",0.0,992.19,1464.03,28.02,45.46,2.63
2022-09-01,"-15,559295","-56,062951",0.0,989.01,1661.78,31.45,28.17,3.61
2022-09-02,"-15,559295","-56,062951",0.0,990.2,1477.82,31.45,26.38,3.86
2022-09-03,"-15,559295","-56,062951",0.0,994.43,1613.44,27.38,47.64,5.67
2022-09-04,"-15,559295","-56,062951",0.0,995.35,1729.55,24.86,55.25,5.4
2022-09-05,"-15,559295","-56,062951",0.0,994.93,1664.16,26.86,48.86,4.52
2022-09-06,"-15,559295","-56,062951",0.0,994.09,1619.76,28.25,46.29,3.72
2022-09-07,"-15,559295","-56,062951",0.0,990.2,1497.38,30.77,38.0,4.27
2022-09-08,"-15,559295","-56,062951",0.0,988.29,1363.68,33.62,31.04,6.48
2022-09-09,"-15,559295","-56,062951",0.0,989.62,1251.65,33.72,27.92,5.5
2022-09-10,"-15,559295","-56,062951",0.0,992.97,1585.46,28.89,45.78,5.24
2022-09-11,"-15,559295","-56,062951",0.0,992.31,1623.06,27.99,43.54,3.9
2022-09-12,"-15,559295","-56,062951",0.0,988.97,1578.03,30.85,42.22,2.79
2022-09-13,"-15,559295","-56,062951",0.0,987.59,1572.25,31.88,40.58,3.0
2022-09-14,"-15,559295","-56,062951",0.0,991.13,1536.98,28.28,47.22,5.59
2022-09-15,"-15,559295","-56,062951",2.6,996.51,426.73,21.15,72.68,5.65
2022-09-16,"-15,559295","-56,062951",0.0,993.93,1764.58,24.85,59.73,3.81
2022-09-17,"-15,559295","-56,062951",0.0,989.7,1807.3,29.12,46.46,3.02
2022-09-18,"-15,559295","-56,062951",0.0,986.81,1502.37,32.35,35.0,2.85
2022-09-19,"-15,559295","-56,062951",0.0,988.16,844.18,31.03,45.78,6.5
2022-09-20,"-15,559295","-56,062951",0.0,987.57,1548.03,31.73,45.35,6.65
2022-09-21,"-15,559295","-56,062951",0.0,986.22,1712.32,32.8,41.29,5.53
2022-09-22,"-15,559295","-56,062951",0.0,988.45,1373.65,31.52,43.29,6.13
2022-09-23,"-15,559295","-56,062951",0.0,993.53,1447.65,26.34,51.39,5.79
2022-09-24,"-15,559295","-56,062951",0.0,991.61,1382.51,27.68,40.04,3.62
2022-09-25,"-15,559295","-56,062951",0.0,989.25,1117.34,30.39,44.25,4.19
2022-09-26,"-15,559295","-56,062951",0.0,988.86,1451.36,31.51,44.1,6.47
2022-09-27,"-15,559295","-56,062951",2.4,989.72,1227.29,28.82,61.95,4.72
2022-09-28,"-15,559295","-56,062951",4.0,989.53,1457.95,27.4,69.09,4.4
2022-09-29,"-15,559295","-56,062951",40.0,992.53,834.68,23.7,79.0,4.82
2022-09-30,"-15,559295","-56,062951",0.0,993.67,1347.65,24.4,71.67,4.77
2022-10-01,"-15,559295","-56,062951",0.0,992.92,1436.58,26.58,66.62,4.01
2022-10-02,"-15,559295","-56,062951",0.0,992.2,1173.96,28.94,56.2,3.35
2022-10-03,"-15,559295","-56,062951",0.0,991.52,1048.92,28.75,57.62,3.07
2022-10-04,"-15,559295","-56,062951",0.0,988.27,1682.82,30.51,52.42,2.91
2022-10-05,"-15,559295","-56,062951",0.0,987.03,1635.12,32.14,41.04,6.19
2022-10-06,"-15,559295","-56,062951",0.0,987.09,1816.12,32.9,40.04,6.14
2022-10-07,"-15,559295","-56,062951",26.6,993.2,1016.34,24.25,70.43,5.42
2022-10-08,"-15,559295","-56,062951",0.0,988.98,1811.08,27.43,55.83,4.05
2022-10-09,"-15,559295","-56,062951",0.2,989.69,905.88,27.86,61.09,4.6
2022-10-10,"-15,559295","-56,062951",3.0,992.55,1195.59,25.8,74.9,3.29
2022-10-11,"-15,559295","-56,062951",0.0,992.63,606.25,25.39,74.95,2.85
2022-10-12,"-15,559295","-56,062951",0.6,991.45,544.75,25.08,79.09,3.26
2022-10-13,"-15,559295","-56,062951",0.2,991.45,1524.44,27.21,63.55,4.45
2022-10-14,"-15,559295","-56,062951",0.6,992.28,1742.36,27.79,61.74,4.53
2022-10-15,"-15,559295","-56,062951",0.0,991.65,1962.12,29.85,56.75,4.04
2022-10-16,"-15,559295","-56,062951",0.0,989.03,1953.22,30.47,54.74,4.53
2022-10-17,"-15,559295","-56,062951",7.8,987.82,1708.64,30.82,48.52,4.56
2022-10-18,"-15,559295","-56,062951",0.2,989.26,1295.32,29.3,59.74,3.6
2022-10-19,"-15,559295","-56,062951",0.0,990.66,1611.61,29.04,62.04,3.94
2022-10-20,"-15,559295","-56,062951",0.0,988.12,1231.85,30.05,52.79,5.52
2022-10-21,"-15,559295","-56,062951",17.2,989.34,632.2,26.15,67.59,5.61
2022-10-22,"-15,559295","-56,062951",0.2,990.25,1268.05,26.25,71.92,2.92
2022-10-23,"-15,559295","-56,062951",0.2,990.94,1603.41,28.42,65.5,3.55
2022-10-24,"-15,559295","-56,062951",0.0,989.41,2058.79,30.19,56.55,3.81
2022-10-25,"-15,559295","-56,062951",0.0,988.56,2121.88,29.85,53.35,4.22
2022-10-26,"-15,559295","-56,062951",0.0,986.84,2115.58,31.71,46.78,5.72
2022-10-27,"-15,559295","-56,062951",0.0,987.49,1606.6,31.39,48.36,4.85
2022-10-28,"-15,559295","-56,062951",0.0,987.41,1757.67,30.61,53.5,4.93
2022-10-29,"-15,559295","-56,062951",0.0,988.89,1633.68,28.08,61.75,7.35
2022-10-30,"-15,559295","-56,062951",0.0,986.11,1835.45,29.39,58.87,7.31
2022-10-31,"-15,559295","-56,062951",18.6,988.83,544.51,26.27,71.22,5.01
2022-11-01,"-15,559295","-56,062951",10.4,999.6,487.66,15.52,75.79,7.79
2022-11-02,"-15,559295","-56,062951",0.0,999.45,1909.85,20.01,50.04,6.24
2022-11-03,"-15,559295","-56,062951",0.0,995.83,2090.08,21.9,47.46,5.38
2022-11-04,"-15,559295","-56,062951",0.0,993.08,1997.03,23.42,49.87,3.68
2022-11-05,"-15,559295","-56,062951",0.0,991.15,2252.96,26.12,45.09,3.07
2022-11-06,"-15,559295","-56,062951",0.0,991.1,2178.35,27.6,42.3,3.52
2022-11-07,"-15,559295","-56,062951",0.0,990.72,2254.73,28.2,36.09,3.12
2022-11-08,"-15,559295","-56,062951",0.0,990.07,2185.09,29.59,36.91,3.12
2022-11-09,"-15,559295","-56,062951",0.0,989.2,1965.05,30.7,34.91,3.37
2022-11-10,"-15,559295","-56,062951",0.0,988.17,1823.52,31.16,39.74,5.64
2022-11-11,"-15,559295","-56,062951",18.8,989.7,703.33,26.65,64.76,5.24
2022-11-12,"-15,559295","-56,062951",0.2,989.44,1605.03,27.18,63.55,4.74
2022-11-13,"-15,559295","-56,062951",0.0,987.32,2123.06,30.26,51.48,6.03
2022-11-14,"-15,559295","-56,062951",15.6,989.63,784.44,27.29,61.6,5.37
2022-11-15,"-15,559295","-56,062951",0.0,992.67,1765.86,25.27,70.68,3.99
2022-11-16,"-15,559295","-56,062951",0.0,991.88,2256.18,29.07,54.5,3.97
2022-11-17,"-15,559295","-56,062951",0.0,989.42,2295.68,29.73,40.24,3.28
2022-11-18,"-15,559295","-56,062951",0.0,987.62,2252.15,30.3,36.5,3.18
2022-11-19,"-15,559295","-56,062951",0.0,987.13,2043.95,31.46,39.71,5.75
2022-11-20,"-15,559295","-56,062951",0.0,987.36,1947.86,30.68,46.91,7.38
2022-11-21,"-15,559295","-56,062951",7.2,987.76,1104.22,27.35,62.21,6.12
2022-11-22,"-15,559295","-56,062951",0.0,989.5,1708.91,26.63,68.85,4.22
2022-11-23,"-15,559295","-56,062951",2.4,989.14,1327.7,26.79,72.28,4.23
2022-11-24,"-15,559295","-56,062951",0.0,987.65,1933.88,29.61,59.81,3.52
2022-11-25,"-15,559295","-56,062951",0.0,987.73,1825.28,30.62,54.0,4.31
2022-11-26,"-15,559295","-56,062951",0.0,987.72,2096.22,30.72,50.25,3.62
2022-11-27,"-15,559295","-56,062951",0.0,987.3,2143.27,31.56,36.57,4.19
2022-11-28,"-15,559295","-56,062951",0.0,984.0,2283.32,31.57,33.38,3.96
2022-11-29,"-15,559295","-56,062951",0.0,981.52,1890.18,31.14,34.78,4.77
2022-11-30,"-15,559295","-56,062951",0.0,981.41,1859.04,30.9,44.38,6.75
2022-12-01,"-15,559295","-56,062951",0.0,983.85,1521.75,30.08,43.62,5.93
2022-12-02,"-15,559295","-56,062951",3.0,986.44,1606.56,28.38,60.17,5.43
2022-12-03,"-15,559295","-56,062951",31.8,987.37,734.81,25.17,80.05,3.2
2022-12-04,"-15,559295","-56,062951",1.0,985.74,1647.67,27.54,69.27,3.99
2022-12-05,"-15,559295","-56,062951",8.6,987.12,1073.89,26.63,73.83,4.57
2022-12-06,"-15,559295","-56,062951",0.0,989.9,1995.87,29.38,58.05,5.43
2022-12-07,"-15,559295","-56,062951",0.2,990.39,1224.67,28.62,63.25,4.17
2022-12-08,"-15,559295","-56,062951",0.0,987.57,1883.58,30.2,56.26,4.64
2022-12-09,"-15,559295","-56,062951",0.0,986.85,1573.47,31.42,51.05,4.64
2022-12-10,"-15,559295","-56,062951",1.4,988.65,1252.48,28.54,63.58,4.64
2022-12-11,"-15,559295","-56,062951",0.0,989.64,1180.25,28.97,58.09,4.64
2022-12-12,"-15,559295","-56,062951",0.0,988.26,1966.75,30.59,51.48,4.64
2022-12-13,"-15,559295","-56,062951",0.0,987.25,1971.09,30.44,52.29,4.64
2022-12-14,"-15,559295","-56,062951",11.4,987.08,1096.12,28.52,62.25,4.64
2022-12-15,"-15,559295","-56,062951",0.0,987.0,1496.59,29.27,60.53,4.64
2022-12-16,"-15,559295","-56,062951",1.0,986.83,395.81,25.74,73.45,4.64
2022-12-17,"-15,559295","-56,062951",0.0,985.25,2120.73,28.44,59.7,4.64
2022-12-18,"-15,559295","-56,062951",3.6,986.45,1261.78,27.87,64.09,4.64
2022-12-19,"-15,559295","-56,062951",0.8,988.72,1501.0,27.1,68.17,4.64
2022-12-20,"-15,559295","-56,062951",0.2,988.56,1447.16,28.19,63.67,4.64
2022-12-21,"-15,559295","-56,062951",0.0,987.88,1249.26,28.52,63.12,4.64
2022-12-22,"-15,559295","-56,062951",0.0,987.1,1344.61,28.44,61.45,4.64
2022-12-23,"-15,559295","-56,062951",0.0,987.3,1924.69,29.09,57.26,4.64
2022-12-24,"-15,559295","-56,062951",7.2,986.58,1791.32,29.57,58.87,4.64
2022-12-25,"-15,559295","-56,062951",0.8,988.26,1428.42,26.07,71.73,4.64
2022-12-26,"-15,559295","-56,062951",0.0,988.19,1356.78,27.98,65.96,4.64
2022-12-27,"-15,559295","-56,062951",0.0,987.91,1746.07,28.95,63.91,4.64
2022-12-28,"-15,559295","-56,062951",29.2,988.65,1021.07,27.67,69.42,4.64
2022-12-29,"-15,559295","-56,062951",0.2,989.75,1574.19,27.7,72.05,4.64
2022-12-30,"-15,559295","-56,062951",4.2,989.05,1183.04,27.53,72.67,4.64
2022-12-31,"-15,559295","-56,062951",0.0,989.54,1694.5,28.58,63.95,4.64
